timestamp	x_detected	y_detected	inside	x_real	y_real	dimensionality	error_regress	error_interp
1544352115419	1.098870	-0.661995	1	2.4	0	2.363780	1.459850	1.73879
1544352121225	1.177360	-0.524838	1	2.4	0	2.363780	1.330530	1.65918
1544352121261	1.130450	-0.592919	1	2.4	0	2.363780	1.401180	1.68188
1544352127045	1.177360	-0.524838	1	2.4	0	2.363780	1.330530	1.65918
1544352132810	1.177360	-0.524838	1	2.4	0	2.363780	1.330530	1.65918
1544352138559	1.177360	-0.524838	1	2.4	0	2.363780	1.330530	1.65918
1544352144460	1.177360	-0.524838	1	2.4	0	2.363780	1.330530	1.65918
1544352150208	1.205540	-0.456442	1	2.4	0	2.363780	1.278700	1.61407
1544352155969	1.146280	-0.593982	1	2.4	0	2.363780	1.387310	1.71293
1544352161712	1.221090	-0.455504	1	2.4	0	2.363780	1.263850	1.63967
1544352167472	1.146280	-0.593982	1	2.4	0	2.363780	1.387310	1.71293
1544352167498	1.063090	-0.489356	1	2.4	0	2.363780	1.423650	1.70954
1544352282968	1.270080	-0.380128	1	2.4	0	2.363784	1.192149	1.519138
1544352288733	1.248760	-0.387239	1	2.4	0	2.363784	1.214620	1.599089
1544352294511	1.002850	-0.381213	1	2.4	0	2.363784	1.448223	1.751852
1544352300304	1.372410	-0.424711	1	2.4	0	2.363784	1.111899	1.422475
1544352306019	1.231720	-0.453441	1	2.4	0	2.363784	1.253191	1.669885
1544352311766	1.190450	-0.52461	1	2.4	0	2.363784	1.318418	1.689914
1544352317519	1.190450	-0.52461	1	2.4	0	2.363784	1.318418	1.689914
1544352323392	1.190450	-0.52461	1	2.4	0	2.363784	1.318418	1.689914
1544352323486	1.146280	-0.593982	1	2.4	0	2.363784	1.387310	1.712927
1544352329144	1.270370	-0.634283	1	2.4	0	2.363784	1.295521	1.704231
1544352329170	1.190450	-0.52461	1	2.4	0	2.363784	1.318418	1.689914
1544352334976	1.448130	-0.533956	1	2.4	0	2.363784	1.091407	1.361351
1544352833959	1.248841	-0.62825	1	2.4	0	2.363784	1.311437	1.638742
1544352839722	1.248841	-0.62825	1	2.4	0	2.363784	1.311437	1.638742
1544352845488	1.248841	-0.62825	1	2.4	0	2.363784	1.311437	1.638742
1544352851240	1.393307	-0.5963029	1	2.4	0	2.363784	1.170046	1.534514
1544352856988	1.393307	-0.5963029	1	2.4	0	2.363784	1.170046	1.534514
1544352862784	1.248841	-0.62825	1	2.4	0	2.363784	1.311437	1.638742
1544352868556	1.079454	-0.6603747	1	2.4	0	2.363784	1.476461	1.707622
1544352874447	1.248841	-0.62825	1	2.4	0	2.363784	1.311437	1.638742
1544352880206	1.291777	-0.5622817	1	2.4	0	2.363784	1.242706	1.611071
1544352886112	1.248841	-0.62825	1	2.4	0	2.363784	1.311437	1.638742
1544352961336	1.024822	-0.1159001	1	2.4	0	2.363784	1.380054	1.74961
1544352967077	1.003249	-0.1207045	1	2.4	0	2.363784	1.401956	1.70467
1544352972831	1.146281	-0.08929486	1	2.4	0	2.363784	1.256895	1.663786
1544352978587	1.146281	-0.08929486	1	2.4	0	2.363784	1.256895	1.663786
1544352984477	1.139936	-0.3485195	1	2.4	0	2.363784	1.307374	1.664356
1544352990217	1.105033	-0.1649725	1	2.4	0	2.363784	1.305433	1.660683
1544352995949	1.057861	-0.2400364	1	2.4	0	2.363784	1.363434	1.660796
1544352995981	1.057861	-0.2400364	1	2.4	0	2.363784	1.363434	1.660796
1544352996030	1.057861	-0.2400364	1	2.4	0	2.363784	1.363434	1.660796
1544352996079	1.057861	-0.2400364	1	2.4	0	2.363784	1.363434	1.660796
1544353001710	0.9754517	-0.3865208	1	2.4	0	2.363784	1.476054	1.711034
1544353007468	0.9031153	-0.4663111	1	2.4	0	2.363784	1.567836	1.720034
1544353013294	0.9031153	-0.4663111	1	2.4	0	2.363784	1.567836	1.720034
1544353019057	0.9754517	-0.3865208	1	2.4	0	2.363784	1.476054	1.711034
1544353019090	0.8727506	-0.2845931	1	2.4	0	2.363784	1.553539	1.705554
1544353204430	1.289181	-0.3164628	1	2.4	0	2.363784	1.155018	1.587635
1544353684292	1.380596	-0.4215743	1	2.4	0	2.363784	1.103136	1.36609
1544353690035	1.342995	-0.4939847	1	2.4	0	2.363784	1.166739	1.470374
1544353695798	1.560393	-0.3188989	1	2.4	0	2.363784	0.8981293	1.118009
1544353701650	1.330050	-0.3127284	1	2.4	0	2.363784	1.114716	1.285227
1544353707381	1.470590	-0.2106946	1	2.4	0	2.363784	0.9529932	1.226059
1544353707407	1.459507	-0.2187381	1	2.4	0	2.363784	0.965595	1.269649
1544353713225	1.502322	-0.1337788	1	2.4	0	2.363784	0.9075914	1.176554
1544353719068	1.524747	-0.3932694	1	2.4	0	2.363784	0.9595456	1.187283
1544353724801	1.585573	-0.2509921	1	2.4	0	2.363784	0.8522251	1.08775
1544353724828	1.361327	-0.1688745	1	2.4	0	2.363784	1.052312	1.373181
1544353730547	1.113803	0.1726342	1	2.4	0	2.363784	1.297730	1.264617
1544353736295	1.550141	-0.3248622	1	2.4	0	2.363784	0.9098324	1.150199
1544353806063	1.332350	0.08452771	1	2.4	0	2.363784	1.070991	1.424337
1544353811830	1.357670	0.1637595	1	2.4	0	2.363784	1.055115	1.405795
1544353817571	1.182368	-0.01232361	1	2.4	0	2.363784	1.217695	1.669807
1544353823334	1.302398	0.007604174	1	2.4	0	2.363784	1.097628	1.475102
1544353829158	1.203206	0.05715262	1	2.4	0	2.363784	1.198158	1.632723
1544353835015	1.268348	-0.06729636	1	2.4	0	2.363784	1.133651	1.58098
1544353840770	1.302398	0.007604174	1	2.4	0	2.363784	1.097628	1.475102
1544353846562	1.302398	0.007604174	1	2.4	0	2.363784	1.097628	1.475102
1544353852365	1.406018	-0.03836123	1	2.4	0	2.363784	0.994722	1.366477
1544353858113	1.302398	0.007604174	1	2.4	0	2.363784	1.097628	1.475102
1544353997520	1.248762	-0.3872386	1	2.4	0	2.363784	1.214620	1.599089
1544354020702	1.146280	-0.5939821	1	2.4	0	2.363784	1.387310	1.712927
1544354038111	1.221087	-0.4555044	1	2.4	0	2.363784	1.263851	1.639668
1544354038142	1.221087	-0.4555044	1	2.4	0	2.363784	1.263851	1.639668
1544354478364	1.499244	-0.7115293	1	2.4	0	2.363784	1.147883	1.36588
1544354484186	1.499244	-0.7115293	1	2.4	0	2.363784	1.147883	1.36588
1544354489924	1.185120	-0.767696	1	2.4	0	2.363784	1.437112	1.76629
1544354495689	1.458584	-0.7755165	1	2.4	0	2.363784	1.219709	1.468225
1544354495715	1.295898	-0.7984835	1	2.4	0	2.363784	1.362577	1.693376
1544354501488	1.337919	-0.7358402	1	2.4	0	2.363784	1.292082	1.656677
1544354507205	1.130454	-0.5929195	1	2.4	0	2.363784	1.401178	1.681884
1544354507231	0.9424401	-0.6350745	1	2.4	0	2.363784	1.589906	1.745357
1544354513207	1.159213	-0.5244982	1	2.4	0	2.363784	1.347089	1.632575
1544354513233	1.108871	-0.5920201	1	2.4	0	2.363784	1.420388	1.654496
1544354518968	1.248841	-0.62825	1	2.4	0	2.363784	1.311437	1.638742
1544354524735	1.248841	-0.62825	1	2.4	0	2.363784	1.311437	1.638742
1544354530519	1.366905	-0.6654914	1	2.4	0	2.363784	1.228887	1.592723
1544354530545	0.9734423	-0.5658467	1	2.4	0	2.363784	1.534682	1.696845
1544354536283	1.130454	-0.5929195	1	2.4	0	2.363784	1.401178	1.681884
1544354605765	0.8727506	-0.2845931	1	2.4	0	2.363784	1.553539	1.705554
1544354611569	1.065495	-0.4232233	1	2.4	0	2.363784	1.400008	1.633481
1544354617323	0.9315587	-0.3952671	1	2.4	0	2.363784	1.520709	1.671519
1544354623143	1.065495	-0.4232233	1	2.4	0	2.363784	1.400008	1.633481
1544354628914	1.118561	-0.3516252	1	2.4	0	2.363784	1.328806	1.624544
1544354634743	1.065495	-0.4232233	1	2.4	0	2.363784	1.400008	1.633481
1544354640556	0.9315587	-0.3952671	1	2.4	0	2.363784	1.520709	1.671519
1544354646309	0.8727506	-0.2845931	1	2.4	0	2.363784	1.553539	1.705554
1544354652123	0.9031153	-0.4663111	1	2.4	0	2.363784	1.567836	1.720034
1544354658010	1.002510	-0.3157169	1	2.4	0	2.363784	1.432709	1.664356
1544354843383	1.221087	-0.4555044	1	2.4	0	2.363784	1.263851	1.639668
1544373460675	0.5680264	0.1820129	0	0.5	0	2.047686	0.1943097	0.2638498
1544373460707	0.5680264	0.1820129	0	0.5	0	2.047686	0.1943097	0.2638498
1544373534323	0.7686815	0.6239911	0	0.5	0	2.047686	0.6793781	0.6012023
1544373534355	0.743342	0.6487351	0	0.5	0	2.047686	0.6928727	0.6473389
1544373607725	0.7037042	0.4113058	0	0.5	0	2.047686	0.4589857	0.4447262
1544373607757	0.7377554	0.4436291	0	0.5	0	2.047686	0.5033234	0.491893
1544373683251	0.778684	0.4171605	0	0.5	0	2.047686	0.5016848	0.4363898
1544373683283	0.7037042	0.4113058	0	0.5	0	2.047686	0.4589857	0.4447262
1544373754761	0.5752933	0.7283138	0	0.5	0	2.047686	0.7321953	0.5253774
1544373754793	0.5752933	0.7283138	0	0.5	0	2.047686	0.7321953	0.5253774
1544373830021	0.3150628	0.8460115	0	0.5	0	2.047686	0.8659892	0.5869675
1544373830053	0.3150628	0.8460115	0	0.5	0	2.047686	0.8659892	0.5869675
1544374028564	-0.3474151	-0.3612778	0	0.5	0	2.047686	0.9212133	0.5663172
1544374028590	-0.279	-0.4685559	0	0.5	0	2.047686	0.9090576	0.5485549
1544374157001	-1.27914	-0.5528257	0	0.5	0	2.047686	1.86305	1.407992
1544374157027	-1.27914	-0.5528257	0	0.5	0	2.047686	1.86305	1.407992
1544374192118	0.5896506	-0.1004644	0	0.5	0	2.047686	0.1346489	0.0810254
1544374192145	0.5288297	0.02968626	0	0.5	0	2.047686	0.04138148	0.07655785
1544374197929	0.5300042	0.08811999	0	0.5	0	2.047686	0.09308806	0.1451298
1544374203723	0.491271	-0.06784383	0	0.5	0	2.047686	0.06840307	0.050816
1544374209532	0.5276597	-0.02973814	0	0.5	0	2.047686	0.04061297	0.01999415
1544374215298	0.5276597	-0.02973814	0	0.5	0	2.047686	0.04061297	0.01999415
1544374215324	0.5276597	-0.02973814	0	0.5	0	2.047686	0.04061297	0.01999415
1544374221061	0.5276597	-0.02973814	0	0.5	0	2.047686	0.04061297	0.01999415
1544374226810	0.5276597	-0.02973814	0	0.5	0	2.047686	0.04061297	0.01999415
1544374226836	0.5265012	-0.08997983	0	0.5	0	2.047686	0.0938013	0.07367638
1544374232641	0.5288297	0.02968626	0	0.5	0	2.047686	0.04138148	0.07655785
1544374238400	0.5276597	-0.02973814	0	0.5	0	2.047686	0.04061297	0.01999415
1544374244158	0.4923044	-0.008092254	0	0.5	0	2.047686	0.01116725	0.03674374
1544374250110	0.5300042	0.08811999	0	0.5	0	2.047686	0.09308806	0.1451298
1544374291227	0.4988608	0.3259732	0	0.5	0	2.047686	0.3259752	0.4175315
1544374291253	0.5345974	0.3087953	0	0.5	0	2.047686	0.3107274	0.4000391
1544374314717	0.6197815	0.7228186	0	0.5	0	2.047686	0.7326762	0.6210001
1544374320480	0.6639479	0.8794157	0	0.5	0	2.047686	0.8945674	0.7708024
1544374326610	0.5515037	0.8716382	0	0.5	0	2.047686	0.8731585	0.7098973
1544374332840	0.5515037	0.8716382	0	0.5	0	2.047686	0.8731585	0.7098973
1544374338662	0.6736188	0.7261191	0	0.5	0	2.047686	0.7465872	0.6099628
1544374344444	0.5345974	0.3087953	0	0.5	0	2.047686	0.3107274	0.4000391
1544374350217	0.5515037	0.8716382	0	0.5	0	2.047686	0.8731585	0.7098973
1544374355987	0.6104636	1.022877	0	0.5	0	2.047686	1.028825	0.8743871
1544374361980	0.6125913	0.875017	0	0.5	0	2.047686	0.882231	0.7451745
1544374367907	0.6024893	0.8763121	0	0.5	0	2.047686	0.8822851	0.7320244
1544374373710	0.6736188	0.7261191	0	0.5	0	2.047686	0.7465872	0.6099628
1544374509880	0.4999819	1.012453	0	0.5	0	2.047686	1.012453	0.8141205
1544374509906	0.4999819	1.012453	0	0.5	0	2.047686	1.012453	0.8141205
1544374515894	0.5347525	0.8704203	0	0.5	0	2.047686	0.8711138	0.676581
1544374515920	0.55271	1.017563	0	0.5	0	2.047686	1.018928	0.8315209
1544374533466	0.5945035	0.8759329	0	0.5	0	2.047686	0.8810161	0.7167324
1544374533492	0.4999819	1.012453	0	0.5	0	2.047686	1.012453	0.8141205
1544374545583	0.4999819	1.012453	0	0.5	0	2.047686	1.012453	0.8141205
1544374545609	0.4999819	1.012453	0	0.5	0	2.047686	1.012453	0.8141205
1544374551585	0.4999819	1.012453	0	0.5	0	2.047686	1.012453	0.8141205
1544374827667	-0.4363437	-0.4699809	0	0.5	0	2.047686	1.047674	0.7404949
1544374827694	-0.279	-0.4685559	0	0.5	0	2.047686	0.9090576	0.5485549
1544374845650	-0.3067494	-0.4212834	0	0.5	0	2.047686	0.9101232	0.5429933
1544374874995	-0.3326108	-0.3752964	0	0.5	0	2.047686	0.9132842	0.5441184
1544374963067	-0.7983631	-0.554426	0	0.5	0	2.047686	1.411784	0.9874341
1544374963093	-0.9558622	-0.5932857	0	0.5	0	2.047686	1.572108	1.175896
1544374980957	-1.312719	-0.786571	0	0.5	0	2.047686	1.976017	1.385248
1544374980983	-1.294384	-0.6290949	0	0.5	0	2.047686	1.901466	1.397753
1544375022072	0.5311758	0.1453977	0	0.5	0	2.047686	0.1487024	0.2124002
1544375027706	0.5300042	0.08811999	0	0.5	0	2.047686	0.09308806	0.1451298
1544375027732	0.5300042	0.08811999	0	0.5	0	2.047686	0.09308806	0.1451298
1544375039481	0.5300042	0.08811999	0	0.5	0	2.047686	0.09308806	0.1451298
1544375045326	0.5288297	0.02968626	0	0.5	0	2.047686	0.04138148	0.07655785
1544375045300	0.5288297	0.02968626	0	0.5	0	2.047686	0.04138148	0.07655785
1544375057135	0.5288297	0.02968626	0	0.5	0	2.047686	0.04138148	0.07655785
1544375051307	0.5288297	0.02968626	0	0.5	0	2.047686	0.04138148	0.07655785
1544375068650	0.5655459	0.06741788	0	0.5	0	2.047686	0.09402894	0.1364493
1544375057109	0.5300042	0.08811999	0	0.5	0	2.047686	0.09308806	0.1451298
1544375062845	0.5288297	0.02968626	0	0.5	0	2.047686	0.04138148	0.07655785
1544375074409	0.5655459	0.06741788	0	0.5	0	2.047686	0.09402894	0.1364493
1544375068624	0.5288297	0.02968626	0	0.5	0	2.047686	0.04138148	0.07655785
1544375074383	0.5642689	0.008419331	0	0.5	0	2.047686	0.06481807	0.0810254
1544375080711	0.5655459	0.06741788	0	0.5	0	2.047686	0.09402894	0.1364493
1544375080685	0.5642689	0.008419331	0	0.5	0	2.047686	0.06481807	0.0810254
1544375144885	0.6639479	0.8794157	0	0.5	0	2.047686	0.8945674	0.7708024
1544375150744	0.6639479	0.8794157	0	0.5	0	2.047686	0.8945674	0.7708024
1544375156634	0.6639479	0.8794157	0	0.5	0	2.047686	0.8945674	0.7708024
1544375162517	0.6024893	0.8763121	0	0.5	0	2.047686	0.8822851	0.7320244
1544375168293	0.6024893	0.8763121	0	0.5	0	2.047686	0.8822851	0.7320244
1544375174323	0.6024893	0.8763121	0	0.5	0	2.047686	0.8822851	0.7320244
1544375180296	0.6024893	0.8763121	0	0.5	0	2.047686	0.8822851	0.7320244
1544375186055	0.6024893	0.8763121	0	0.5	0	2.047686	0.8822851	0.7320244
1544375191997	0.7084908	0.8831299	0	0.5	0	2.047686	0.9074067	0.7872248
1544375198087	0.6024893	0.8763121	0	0.5	0	2.047686	0.8822851	0.7320244
1544375204000	0.6639479	0.8794157	0	0.5	0	2.047686	0.8945674	0.7708024
1544375333266	0.3091407	1.429753	0	0.5	0	2.047686	1.442436	1.372797
1544375333292	0.3691095	1.290476	0	0.5	0	2.047686	1.297097	1.193325
1544375373946	0.55271	1.017563	0	0.5	0	2.047686	1.018928	0.8315209
1544375373972	0.5338692	1.314823	0	0.5	0	2.047686	1.315259	1.216547
1544375397460	0.4088449	1.151287	0	0.5	0	2.047686	1.15489	1.011938
1544375397486	0.3841081	1.463311	0	0.5	0	2.047686	1.467893	1.211953
1544375426870	0.1940907	1.549126	0	0.5	0	2.047686	1.579041	1.443653
1544375426896	0.134466	1.58177	0	0.5	0	2.047686	1.623456	1.478382
1544375432783	0.07743596	1.507649	0	0.5	0	2.047686	1.565747	1.419295
1544375432809	0.07743596	1.507649	0	0.5	0	2.047686	1.565747	1.419295
1544375438818	0.3091407	1.429753	0	0.5	0	2.047686	1.442436	1.372797
1544375438844	0.2500589	1.413521	0	0.5	0	2.047686	1.435449	1.363763
1544375444857	0.1913769	1.413278	0	0.5	0	2.047686	1.446583	1.381497
1544375444882	0.07743596	1.507649	0	0.5	0	2.047686	1.565747	1.419295
1544375674114	-0.5332633	-0.5669171	0	0.5	0	2.047686	1.17857	0.9159932
1544375674141	-0.5738901	-0.5110077	0	0.5	0	2.047686	1.189272	0.9429633
1544375703346	-0.4363437	-0.4699809	0	0.5	0	2.047686	1.047674	0.7404949
1544375804181	-1.41619	-0.6246553	0	0.5	0	2.047686	2.015435	1.417753
1544375845191	0.5288297	0.02968626	0	0.5	0	2.047686	0.04138148	0.07655785
1544375851114	0.4933736	0.05076155	0	0.5	0	2.047686	0.05119222	0.1011359
1544375857154	0.6023489	0.1049843	0	0.5	0	2.047686	0.1466185	0.1989526
1544375863173	0.5300042	0.08811999	0	0.5	0	2.047686	0.09308806	0.1451298
1544375868940	0.5655459	0.06741788	0	0.5	0	2.047686	0.09402894	0.1364493
1544375874728	0.5655459	0.06741788	0	0.5	0	2.047686	0.09402894	0.1364493
1544375886296	0.6023489	0.1049843	0	0.5	0	2.047686	0.1466185	0.1989526
1544375892260	0.5300042	0.08811999	0	0.5	0	2.047686	0.09308806	0.1451298
1544375886322	0.5667996	0.1253358	0	0.5	0	2.047686	0.1420255	0.19989
1544375898166	0.5300042	0.08811999	0	0.5	0	2.047686	0.09308806	0.1451298
1544375892286	0.5300042	0.08811999	0	0.5	0	2.047686	0.09308806	0.1451298
1544375903922	0.5655459	0.06741788	0	0.5	0	2.047686	0.09402894	0.1364493
1544375956637	0.6180131	0.3994297	0	0.5	0	2.047686	0.4164987	0.4570659
1544375956662	0.6180131	0.3994297	0	0.5	0	2.047686	0.4164987	0.4570659
1544375974645	0.65481	0.8801977	0	0.5	0	2.047686	0.8937081	0.7577494
1544375980497	0.5345974	0.3087953	0	0.5	0	2.047686	0.3107274	0.4000391
1544375986260	0.6639479	0.8794157	0	0.5	0	2.047686	0.8945674	0.7708024
1544375992013	0.6639479	0.8794157	0	0.5	0	2.047686	0.8945674	0.7708024
1544375992045	0.6125913	0.875017	0	0.5	0	2.047686	0.882231	0.7451745
1544375997759	0.5718439	1.160349	0	0.5	0	2.047686	1.162571	1.019021
1544375997791	0.5211196	1.151596	0	0.5	0	2.047686	1.15179	1.002741
1544376003682	0.6646527	1.027162	0	0.5	0	2.047686	1.040275	0.9129131
1544376003714	0.7165615	0.883005	0	0.5	0	2.047686	0.9091736	0.7993258
1544376009644	0.5718439	1.160349	0	0.5	0	2.047686	1.162571	1.019021
1544376009670	0.5627425	1.015188	0	0.5	0	2.047686	1.017125	0.8669499
1544376009814	0.5198477	1.156622	0	0.5	0	2.047686	1.156793	1.010729
1544376015818	0.65481	0.8801977	0	0.5	0	2.047686	0.8937081	0.7577494
1544376021768	0.6646527	1.027162	0	0.5	0	2.047686	1.040275	0.9129131
1544376027543	0.7165615	0.883005	0	0.5	0	2.047686	0.9091736	0.7993258
1544376027575	0.6639479	0.8794157	0	0.5	0	2.047686	0.8945674	0.7708024
1544376027624	0.792303	0.7121715	0	0.5	0	2.047686	0.7698242	0.6473389
1544376033420	0.6104636	1.022877	0	0.5	0	2.047686	1.028825	0.8743871
1544376174057	0.5347525	0.8704203	0	0.5	0	2.047686	0.8711138	0.676581
1544376174083	0.5347525	0.8704203	0	0.5	0	2.047686	0.8711138	0.676581
1544376180076	0.4434659	1.006124	0	0.5	0	2.047686	1.007711	0.8149737
1544376180102	0.4434659	1.006124	0	0.5	0	2.047686	1.007711	0.8149737
1544376186283	0.4750604	0.8636957	0	0.5	0	2.047686	0.8640557	0.6376333
1544376186309	0.3926431	1.000208	0	0.5	0	2.047686	1.005953	0.8087131
1544376192152	0.4830824	0.8661306	0	0.5	0	2.047686	0.8662958	0.6578203
1544376192178	0.4750604	0.8636957	0	0.5	0	2.047686	0.8640557	0.6376333
1544376209900	0.5347525	0.8704203	0	0.5	0	2.047686	0.8711138	0.676581
1544376209926	0.5347525	0.8704203	0	0.5	0	2.047686	0.8711138	0.676581
1544376227531	0.5347525	0.8704203	0	0.5	0	2.047686	0.8711138	0.676581
1544376227557	0.5347525	0.8704203	0	0.5	0	2.047686	0.8711138	0.676581
1544376239264	0.1742572	1.63244	0	0.5	0	2.047686	1.664623	1.445024
1544376239290	0.5103548	1.597304	0	0.5	0	2.047686	1.597338	1.385436
1544376285775	0.1742572	1.63244	0	0.5	0	2.047686	1.664623	1.445024
1544376285801	0.4099398	1.644208	0	0.5	0	2.047686	1.646673	1.404541
1544376291972	0.4099398	1.644208	0	0.5	0	2.047686	1.646673	1.404541
1544376291998	0.4099398	1.644208	0	0.5	0	2.047686	1.646673	1.404541
1544376639598	0.5886486	-1.974378	0	0.5	-2.3	1.045691	0.3374735	0.3178152
1544376645353	0.6334634	-2.001735	0	0.5	-2.3	1.045691	0.3267634	0.2968081
1544376651306	0.634698	-1.978074	0	0.5	-2.3	1.045691	0.3489699	0.3159251
1544376651333	0.6334634	-2.001735	0	0.5	-2.3	1.045691	0.3267634	0.2968081
1544376657382	0.5946638	-2.047241	0	0.5	-2.3	1.045691	0.269904	0.2409325
1544376663162	0.5495565	-2.018683	0	0.5	-2.3	1.045691	0.2856487	0.2644532
1544376668924	0.5946638	-2.047241	0	0.5	-2.3	1.045691	0.269904	0.2409325
1544376674682	0.5941433	-2.068791	0	0.5	-2.3	1.045691	0.2496413	0.224185
1544376674708	0.5881235	-1.997444	0	0.5	-2.3	1.045691	0.3151282	0.2988867
1544376680440	0.5506974	-2.091917	0	0.5	-2.3	1.045691	0.2141704	0.1849057
1544376686421	0.5495565	-2.018683	0	0.5	-2.3	1.045691	0.2856487	0.2644532
1544376686447	0.5496711	-2.040923	0	0.5	-2.3	1.045691	0.263796	0.2463128
1544376692282	0.6438744	-2.073789	0	0.5	-2.3	1.045691	0.268088	0.2301602
1544376692308	0.5886486	-1.974378	0	0.5	-2.3	1.045691	0.3374735	0.3178152
1544376739519	0.6111948	-1.906206	0	0.5	-2.3	1.045691	0.4091917	0.4127706
1544376739545	0.6379587	-1.86321	0	0.5	-2.3	1.045691	0.4580587	0.4671109
1544376751463	0.5817305	-1.925761	0	0.5	-2.3	1.045691	0.3830596	0.3793544
1544376763063	0.7224986	-1.89018	0	0.5	-2.3	1.045691	0.4663236	0.4314741
1544376769152	0.6796072	-1.86521	0	0.5	-2.3	1.045691	0.4704263	0.4548792
1544376775137	0.6796072	-1.86521	0	0.5	-2.3	1.045691	0.4704263	0.4548792
1544376780959	0.7039611	-1.82143	0	0.5	-2.3	1.045691	0.5202206	0.506146
1544376780991	0.7039611	-1.82143	0	0.5	-2.3	1.045691	0.5202206	0.506146
1544376786775	0.6796072	-1.86521	0	0.5	-2.3	1.045691	0.4704263	0.4548792
1544376792539	0.6796072	-1.86521	0	0.5	-2.3	1.045691	0.4704263	0.4548792
1544376798539	0.6525156	-1.90926	0	0.5	-2.3	1.045691	0.4194505	0.4035847
1544376804300	0.6820498	-1.839196	0	0.5	-2.3	1.045691	0.495462	0.4773956
1544376810496	0.725591	-1.864692	0	0.5	-2.3	1.045691	0.49029	0.4529524
1544376816533	0.7463432	-1.846295	0	0.5	-2.3	1.045691	0.5162689	0.4785132
1544376952435	1.066479	-2.056176	0	0.5	-2.3	1.045691	0.6167243	0.4636279
1544376952461	1.066479	-2.056176	0	0.5	-2.3	1.045691	0.6167243	0.4636279
1544376964421	0.7958998	-2.044839	0	0.5	-2.3	1.045691	0.3907222	0.3322777
1544376964451	0.7958998	-2.044839	0	0.5	-2.3	1.045691	0.3907222	0.3322777
1544376976381	0.7958998	-2.044839	0	0.5	-2.3	1.045691	0.3907222	0.3322777
1544376976407	0.8551254	-2.079607	0	0.5	-2.3	1.045691	0.4179557	0.3616901
1544377005561	0.6975854	-2.097587	0	0.5	-2.3	1.045691	0.2828619	0.2374866
1544377005590	0.6975854	-2.097587	0	0.5	-2.3	1.045691	0.2828619	0.2374866
1544377029279	0.6003219	-2.120261	0	0.5	-2.3	1.045691	0.2058414	0.1692379
1544377029305	0.6438744	-2.073789	0	0.5	-2.3	1.045691	0.268088	0.2301602
1544377052795	0.7614732	-2.074313	0	0.5	-2.3	1.045691	0.3454025	0.2898912
1544377052821	0.7014887	-2.053266	0	0.5	-2.3	1.045691	0.3185523	0.2668505
1544377059014	0.6438744	-2.073789	0	0.5	-2.3	1.045691	0.268088	0.2301602
1544377059040	0.6438744	-2.073789	0	0.5	-2.3	1.045691	0.268088	0.2301602
1544377076604	0.6438744	-2.073789	0	0.5	-2.3	1.045691	0.268088	0.2301602
1544377294476	1.101186	-2.282631	0	0.5	-2.3	1.045691	0.6014369	0.4922049
1544377294503	1.057577	-2.112837	0	0.5	-2.3	1.045691	0.5881515	0.4072222
1544377306347	1.118379	-2.26307	0	0.5	-2.3	1.045691	0.6194812	0.5054915
1544377306374	1.118379	-2.26307	0	0.5	-2.3	1.045691	0.6194812	0.5054915
1544377318095	1.021988	-2.174433	0	0.5	-2.3	1.045691	0.5368782	0.3526983
1544377324212	1.118379	-2.26307	0	0.5	-2.3	1.045691	0.6194812	0.5054915
1544377424365	0.9603978	-2.872936	0	0.5	-2.3	1.045691	0.7349976	0.4809406
1544377424391	0.5554134	-3.176804	0	0.5	-2.3	1.045691	0.8785533	0.6800794
1544377477697	0.3367606	-2.19377	0	0.5	-2.3	1.045691	0.1947612	0.1838055
1544377483617	0.4453486	-2.194884	0	0.5	-2.3	1.045691	0.1184743	0.09912981
1544377489494	0.3078275	-2.260201	0	0.5	-2.3	1.045691	0.1962504	0.21138
1544377495253	0.3812085	-2.230654	0	0.5	-2.3	1.045691	0.1375512	0.1359079
1544377495279	0.3367606	-2.19377	0	0.5	-2.3	1.045691	0.1947612	0.1838055
1544377501021	0.4006835	-2.161099	0	0.5	-2.3	1.045691	0.1707552	0.1500519
1544377501047	0.4006835	-2.161099	0	0.5	-2.3	1.045691	0.1707552	0.1500519
1544377506870	0.4006835	-2.161099	0	0.5	-2.3	1.045691	0.1707552	0.1500519
1544377512697	0.3367606	-2.19377	0	0.5	-2.3	1.045691	0.1947612	0.1838055
1544377512722	0.263738	-2.219341	0	0.5	-2.3	1.045691	0.2496509	0.252957
1544377518715	0.5508193	-2.112676	0	0.5	-2.3	1.045691	0.1940953	0.1686615
1544377518741	0.5496711	-2.040923	0	0.5	-2.3	1.045691	0.263796	0.2463128
1544377521546	0.5881235	-1.997444	0	0.5	-2.3	1.045691	0.3151282	0.2988867
1544377524603	0.5506974	-2.091917	0	0.5	-2.3	1.045691	0.2141704	0.1849057
1544377530373	0.5506974	-2.091917	0	0.5	-2.3	1.045691	0.2141704	0.1849057
1544377613328	0.6525156	-1.90926	0	0.5	-2.3	1.045691	0.4194505	0.4035847
1544377613360	0.6796072	-1.86521	0	0.5	-2.3	1.045691	0.4704263	0.4548792
1544377619067	0.6796072	-1.86521	0	0.5	-2.3	1.045691	0.4704263	0.4548792
1544377624838	0.6525156	-1.90926	0	0.5	-2.3	1.045691	0.4194505	0.4035847
1544377630726	0.6796072	-1.86521	0	0.5	-2.3	1.045691	0.4704263	0.4548792
1544377636481	0.6525156	-1.90926	0	0.5	-2.3	1.045691	0.4194505	0.4035847
1544377642234	0.7224986	-1.89018	0	0.5	-2.3	1.045691	0.4663236	0.4314741
1544377648191	0.6525156	-1.90926	0	0.5	-2.3	1.045691	0.4194505	0.4035847
1544377648223	0.6796072	-1.86521	0	0.5	-2.3	1.045691	0.4704263	0.4548792
1544377653960	0.725591	-1.864692	0	0.5	-2.3	1.045691	0.49029	0.4529524
1544377653992	0.6796072	-1.86521	0	0.5	-2.3	1.045691	0.4704263	0.4548792
1544377659962	0.6796072	-1.86521	0	0.5	-2.3	1.045691	0.4704263	0.4548792
1544377665863	0.6525156	-1.90926	0	0.5	-2.3	1.045691	0.4194505	0.4035847
1544377671637	0.6525156	-1.90926	0	0.5	-2.3	1.045691	0.4194505	0.4035847
1544377671669	0.6796072	-1.86521	0	0.5	-2.3	1.045691	0.4704263	0.4548792
1544378028024	0.7228409	-0.1833027	0	0.5	1	1.887919	1.204103	0.9757076
1544378033772	0.6649096	-0.08932066	0	0.5	1	1.887919	1.101733	0.9432249
1544378033798	0.7198199	-0.2388138	0	0.5	1	1.887919	1.258165	1.046936
1544378039559	0.6649096	-0.08932066	0	0.5	1	1.887919	1.101733	0.9432249
1544378039585	0.6712032	0.004353008	0	0.5	1	1.887919	1.010259	0.9757076
1544378045346	0.6649096	-0.08932066	0	0.5	1	1.887919	1.101733	0.9432249
1544378051269	0.6649096	-0.08932066	0	0.5	1	1.887919	1.101733	0.9432249
1544378051295	0.636245	0.02546183	0	0.5	1	1.887919	0.9840159	0.9432249
1544378057129	0.6649096	-0.08932066	0	0.5	1	1.887919	1.101733	0.9432249
1544378062883	0.6649096	-0.08932066	0	0.5	1	1.887919	1.101733	0.9432249
1544378068636	0.6649096	-0.08932066	0	0.5	1	1.887919	1.101733	0.9432249
1544378068661	0.6728325	0.06369056	0	0.5	1	1.887919	0.9521273	0.9062833
1544378074409	0.6649096	-0.08932066	0	0.5	1	1.887919	1.101733	0.9432249
1544378080492	0.6649096	-0.08932066	0	0.5	1	1.887919	1.101733	0.9432249
1544378080518	0.636245	0.02546183	0	0.5	1	1.887919	0.9840159	0.9432249
1544378086650	0.740442	-0.1442205	0	0.5	1	1.887919	1.16921	1.0094
1544378110006	0.6728325	0.06369056	0	0.5	1	1.887919	0.9521273	0.9062833
1544378110031	0.6728325	0.06369056	0	0.5	1	1.887919	0.9521273	0.9062833
1544378151614	1.119764	0.1171088	0	0.5	1	1.887919	1.078705	0.7073571
1544378157878	1.124313	0.1893225	0	0.5	1	1.887919	1.023213	0.7234189
1544378163637	1.15491	0.268856	0	0.5	1	1.887919	0.9815693	0.6735257
1544378169500	1.139058	0.1915621	0	0.5	1	1.887919	1.030518	0.6877306
1544378175251	1.027165	0.2704051	0	0.5	1	1.887919	0.9001175	0.6872295
1544378181283	1.124313	0.1893225	0	0.5	1	1.887919	1.023213	0.7234189
1544378187146	1.124313	0.1893225	0	0.5	1	1.887919	1.023213	0.7234189
1544378192891	1.124313	0.1893225	0	0.5	1	1.887919	1.023213	0.7234189
1544378198821	1.139058	0.1915621	0	0.5	1	1.887919	1.030518	0.6877306
1544378204829	1.15491	0.268856	0	0.5	1	1.887919	0.9815693	0.6735257
1544378210850	1.059409	0.3527106	0	0.5	1	1.887919	0.8555246	0.6314313
1544378368202	3.002198	-0.03976049	0	0.5	1	1.887919	2.709631	2.211297
1544378368228	3.002198	-0.03976049	0	0.5	1	1.887919	2.709631	2.211297
1544378420581	2.479391	-0.8539798	0	0.5	1	1.887919	2.712052	2.230151
1544378420607	2.118169	-0.6620844	0	0.5	1	1.887919	2.319698	1.888505
1544378426531	0.9258488	-0.1943351	0	0.5	1	1.887919	1.267984	1.33481
1544378426557	1.022558	-0.1089085	0	0.5	1	1.887919	1.225865	1.223538
1544378438401	1.131702	-0.2117822	0	0.5	1	1.887919	1.366552	1.335794
1544378438427	1.038621	-0.2593702	0	0.5	1	1.887919	1.369717	1.398891
1544378667004	0.366586	-0.3780769	0	0.5	1	1.887919	1.38452	1.488605
1544378667031	0.4655165	-0.211543	0	0.5	1	1.887919	1.212034	1.289687
1544378678864	0.3898629	-0.2889308	0	0.5	1	1.887919	1.293628	1.317375
1544378678891	0.4746931	-0.3219459	0	0.5	1	1.887919	1.322188	1.385045
1544378702244	0.5787535	-0.2688721	0	0.5	1	1.887919	1.271314	1.275865
1544378702270	0.3898629	-0.2889308	0	0.5	1	1.887919	1.293628	1.317375
1544378832237	0.3844503	0.2062974	0	0.5	1	1.887919	0.8020696	0.6957343
1544378832262	0.4862873	0.2642684	0	0.5	1	1.887919	0.7358594	0.6060546
1544378838468	0.4061229	0.06488956	0	0.5	1	1.887919	0.9398109	0.8645158
1544378838494	0.3570536	0.3572719	0	0.5	1	1.887919	0.6584323	0.5218384
1544378862115	0.5995893	-0.01297056	0	0.5	1	1.887919	1.017854	0.983414
1544378862140	0.662635	-0.1463163	0	0.5	1	1.887919	1.157796	1.014506
1544378868107	0.7198199	-0.2388138	0	0.5	1	1.887919	1.258165	1.046936
1544378868133	0.662635	-0.1463163	0	0.5	1	1.887919	1.157796	1.014506
1544378873844	0.636245	0.02546183	0	0.5	1	1.887919	0.9840159	0.9432249
1544378879600	0.6603141	-0.2041888	0	0.5	1	1.887919	1.214813	1.087337
1544378879626	0.5966413	-0.1342431	0	0.5	1	1.887919	1.138353	1.130146
1544378885652	0.6603141	-0.2041888	0	0.5	1	1.887919	1.214813	1.087337
1544378891561	0.6603141	-0.2041888	0	0.5	1	1.887919	1.214813	1.087337
1544378891587	0.6330552	-0.09503526	0	0.5	1	1.887919	1.103089	1.087337
1544378897583	0.5981385	-0.07328039	0	0.5	1	1.887919	1.077758	1.056125
1544378897609	0.6330552	-0.09503526	0	0.5	1	1.887919	1.103089	1.087337
1544378903560	0.7167449	-0.2952042	0	0.5	1	1.887919	1.313214	1.119625
1544378909430	0.6603141	-0.2041888	0	0.5	1	1.887919	1.214813	1.087337
1544378909456	0.6694675	-0.05582921	0	0.5	1	1.887919	1.069343	1.046936
1544378915362	0.6603141	-0.2041888	0	0.5	1	1.887919	1.214813	1.087337
1544378968553	0.5995893	-0.01297056	0	0.5	1	1.887919	1.017854	0.983414
1544378968579	0.636245	0.02546183	0	0.5	1	1.887919	0.9840159	0.9432249
1544378974649	0.636245	0.02546183	0	0.5	1	1.887919	0.9840159	0.9432249
1544378974675	0.5642689	0.008419331	0	0.5	1	1.887919	0.9936613	0.954026
1544378992369	1.057861	-0.2400364	0	0.5	1	1.887919	1.359742	1.0094
1544378998391	0.8662986	0.01802262	0	0.5	1	1.887919	1.048072	0.8730617
1544378998417	0.8489429	-0.07712536	0	0.5	1	1.887919	1.132237	0.9062833
1544378998560	0.9707984	-0.1244055	0	0.5	1	1.887919	1.218991	0.940196
1544379004400	0.9707984	-0.1244055	0	0.5	1	1.887919	1.218991	0.940196
1544379010193	1.025184	-0.04522534	0	0.5	1	1.887919	1.16975	0.8730617
1544379016093	1.025184	-0.04522534	0	0.5	1	1.887919	1.16975	0.8730617
1544379021981	0.9208027	0.01049271	0	0.5	1	1.887919	1.075267	0.8389907
1544379027897	0.8489429	-0.07712536	0	0.5	1	1.887919	1.132237	0.9062833
1544379033664	0.6743621	0.1220162	0	0.5	1	1.887919	0.89513	0.8389907
1544379039389	0.8065117	0.0825205	0	0.5	1	1.887919	0.9673252	0.8066155
1544379045300	0.9208027	0.01049271	0	0.5	1	1.887919	1.075267	0.8389907
1544379215853	2.467108	-0.3689925	0	0.5	1	1.887919	2.396592	1.893156
1544379215879	2.467108	-0.3689925	0	0.5	1	1.887919	2.396592	1.893156
1544379268445	2.735273	-0.6844834	0	0.5	1	1.887919	2.798916	2.286291
1544379268471	2.735273	-0.6844834	0	0.5	1	1.887919	2.798916	2.286291
1544379509163	0.1674727	-0.4018833	0	0.5	1	1.887919	1.440781	1.511825
1544379509189	0.1674727	-0.4018833	0	0.5	1	1.887919	1.440781	1.511825
1544379515538	0.2817552	-0.3446962	0	0.5	1	1.887919	1.362292	1.427448
1544379515564	0.2817552	-0.3446962	0	0.5	1	1.887919	1.362292	1.427448
1544379533373	0.2817552	-0.3446962	0	0.5	1	1.887919	1.362292	1.427448
1544379533399	0.2817552	-0.3446962	0	0.5	1	1.887919	1.362292	1.427448
1544379539291	0.2817552	-0.3446962	0	0.5	1	1.887919	1.362292	1.427448
1544379627172	0.5988136	0.1805553	0	0.5	1	1.887919	0.825381	0.7118705
1544379627198	0.5988136	0.1805553	0	0.5	1	1.887919	0.825381	0.7118705
1544379668749	0.5565581	0.3792039	0	0.5	1	1.887919	0.6233671	0.4599275
1544379668776	0.5565581	0.3792039	0	0.5	1	1.887919	0.6233671	0.4599275
1544379686340	0.6367554	-0.3647472	0	0.5	1	1.887919	1.371582	1.205124
1544379692327	0.6603141	-0.2041888	0	0.5	1	1.887919	1.214813	1.087337
1544379698075	0.6393107	-0.3074266	0	0.5	1	1.887919	1.314828	1.130146
1544379703833	0.6367554	-0.3647472	0	0.5	1	1.887919	1.371582	1.205124
1544379703859	0.5966413	-0.1342431	0	0.5	1	1.887919	1.138353	1.130146
1544379709865	0.6603141	-0.2041888	0	0.5	1	1.887919	1.214813	1.087337
1544379715666	0.6393107	-0.3074266	0	0.5	1	1.887919	1.314828	1.130146
1544379715693	0.5966413	-0.1342431	0	0.5	1	1.887919	1.138353	1.130146
1544379721555	0.6911878	-0.3793444	0	0.5	1	1.887919	1.392531	1.16137
1544379721581	0.6579449	-0.2627578	0	0.5	1	1.887919	1.272597	1.16137
1544379727658	0.5857988	-0.2156901	0	0.5	1	1.887919	1.218714	1.100069
1544379733404	0.6393107	-0.3074266	0	0.5	1	1.887919	1.314828	1.130146
1544379739364	0.6393107	-0.3074266	0	0.5	1	1.887919	1.314828	1.130146
1544379745388	0.7136117	-0.3522928	0	0.5	1	1.887919	1.36906	1.193418
1544379745414	0.6579449	-0.2627578	0	0.5	1	1.887919	1.272597	1.16137
1544379780296	0.662635	-0.1463163	0	0.5	1	1.887919	1.157796	1.014506
1544379780321	0.662635	-0.1463163	0	0.5	1	1.887919	1.157796	1.014506
1544379809615	0.7228409	-0.1833027	0	0.5	1	1.887919	1.204103	0.9757076
1544379815430	0.8974953	-0.2085612	0	0.5	1	1.887919	1.272251	1.0094
1544379821439	0.8974953	-0.2085612	0	0.5	1	1.887919	1.272251	1.0094
1544379827491	0.8974953	-0.2085612	0	0.5	1	1.887919	1.272251	1.0094
1544379833536	0.9707984	-0.1244055	0	0.5	1	1.887919	1.218991	0.940196
1544379839505	0.7228409	-0.1833027	0	0.5	1	1.887919	1.204103	0.9757076
1544379839531	0.7431426	-0.08787739	0	0.5	1	1.887919	1.114718	0.940196
1544379839632	0.7228409	-0.1833027	0	0.5	1	1.887919	1.204103	0.9757076
1544379845607	0.7228409	-0.1833027	0	0.5	1	1.887919	1.204103	0.9757076
1544379851659	0.8974953	-0.2085612	0	0.5	1	1.887919	1.272251	1.0094
1544379857410	0.9707984	-0.1244055	0	0.5	1	1.887919	1.218991	0.940196
1544379857442	0.9707984	-0.1244055	0	0.5	1	1.887919	1.218991	0.940196
1544379863170	0.9707984	-0.1244055	0	0.5	1	1.887919	1.218991	0.940196
1544379880678	1.459507	-0.2187381	0	0.5	1	1.887919	1.551121	1.179805
1544379880704	1.480756	-0.1542023	0	0.5	1	1.887919	1.514617	1.105438
1544380004897	2.625786	-0.3797734	0	0.5	1	1.887919	2.534313	2.04302
1544380004923	2.439607	-0.4387348	0	0.5	1	1.887919	2.414961	2.054125
1544380016768	2.36477	-0.5360004	0	0.5	1	1.887919	2.415919	1.95466
1544380016794	2.289831	-0.4263652	0	0.5	1	1.887919	2.288671	1.912399
1544380046402	2.625786	-0.3797734	0	0.5	1	1.887919	2.534313	2.04302
1544380046429	2.467108	-0.3689925	0	0.5	1	1.887919	2.396592	1.893156
1544380058465	2.612912	-0.7879012	0	0.5	1	1.887919	2.767849	2.202891
1544380058491	2.779673	-0.8120949	0	0.5	1	1.887919	2.912147	2.348148
1544380081936	2.94551	-0.8138294	0	0.5	1	1.887919	3.044749	2.455
1544380475987	0.51423	0.2164057	0	0.5	1	1.887919	0.7837235	0.6540945
1544380476013	0.5988136	0.1805553	0	0.5	1	1.887919	0.825381	0.7118705
1544380482033	0.4061229	0.06488956	0	0.5	1	1.887919	0.9398109	0.8645158
1544380482059	0.5069926	0.1235581	0	0.5	1	1.887919	0.8764698	0.7814648
1544380488166	0.5069926	0.1235581	0	0.5	1	1.887919	0.8764698	0.7814648
1544380488192	0.4223835	0.1597407	0	0.5	1	1.887919	0.8438365	0.7432665
1544380505801	0.7228409	-0.1833027	0	0.5	1	1.887919	1.204103	0.9757076
1544380505828	0.7228409	-0.1833027	0	0.5	1	1.887919	1.204103	0.9757076
1544380511896	0.7228409	-0.1833027	0	0.5	1	1.887919	1.204103	0.9757076
1544380517646	0.5896506	-0.1004644	0	0.5	1	1.887919	1.10411	0.954026
1544380517672	0.6649096	-0.08932066	0	0.5	1	1.887919	1.101733	0.9432249
1544380523406	0.5995893	-0.01297056	0	0.5	1	1.887919	1.017854	0.983414
1544380529158	0.6418702	-0.2507755	0	0.5	1	1.887919	1.258796	1.056125
1544380529184	0.5995893	-0.01297056	0	0.5	1	1.887919	1.017854	0.983414
1544380535026	0.6009929	0.04650825	0	0.5	1	1.887919	0.9588254	0.9123474
1544380540973	0.5995893	-0.01297056	0	0.5	1	1.887919	1.017854	0.983414
1544380547124	0.662635	-0.1463163	0	0.5	1	1.887919	1.157796	1.014506
1544380552931	0.5995893	-0.01297056	0	0.5	1	1.887919	1.017854	0.983414
1544380558693	0.6418702	-0.2507755	0	0.5	1	1.887919	1.258796	1.056125
1544380587985	0.662635	-0.1463163	0	0.5	1	1.887919	1.157796	1.014506
1544380599734	0.6603141	-0.2041888	0	0.5	1	1.887919	1.214813	1.087337
1544380599760	0.6603141	-0.2041888	0	0.5	1	1.887919	1.214813	1.087337
1544380611753	0.662635	-0.1463163	0	0.5	1	1.887919	1.157796	1.014506
1544380611779	0.662635	-0.1463163	0	0.5	1	1.887919	1.157796	1.014506
1544380617837	0.5995893	-0.01297056	0	0.5	1	1.887919	1.017854	0.983414
1544380617863	0.5995893	-0.01297056	0	0.5	1	1.887919	1.017854	0.983414
1544380641435	0.7228409	-0.1833027	0	0.5	1	1.887919	1.204103	0.9757076
1544380647213	0.8489429	-0.07712536	0	0.5	1	1.887919	1.132237	0.9062833
1544380652951	0.7228409	-0.1833027	0	0.5	1	1.887919	1.204103	0.9757076
1544380658711	0.8489429	-0.07712536	0	0.5	1	1.887919	1.132237	0.9062833
1544380664437	0.8489429	-0.07712536	0	0.5	1	1.887919	1.132237	0.9062833
1544380670300	0.7228409	-0.1833027	0	0.5	1	1.887919	1.204103	0.9757076
1544380676071	0.7431426	-0.08787739	0	0.5	1	1.887919	1.114718	0.940196
1544380681851	0.8489429	-0.07712536	0	0.5	1	1.887919	1.132237	0.9062833
1544380687836	0.7228409	-0.1833027	0	0.5	1	1.887919	1.204103	0.9757076
1544380693838	0.7228409	-0.1833027	0	0.5	1	1.887919	1.204103	0.9757076
1544380693870	0.6728325	0.06369056	0	0.5	1	1.887919	0.9521273	0.9062833
1544380693919	0.6649096	-0.08932066	0	0.5	1	1.887919	1.101733	0.9432249
1544380805472	0.04291336	0.4866105	1	0.5	3.45	3.388069	2.998434	2.825125
1544380811229	-0.4153537	1.675815	1	0.5	3.45	3.388069	1.996398	2.28625
1544380811255	-0.02794019	0.6231783	1	0.5	3.45	3.388069	2.875698	2.555122
1544380817268	-0.07905843	0.5416129	1	0.5	3.45	3.388069	2.965472	2.769932
1544380817293	-0.02794019	0.6231783	1	0.5	3.45	3.388069	2.875698	2.555122
1544380823236	0.1192207	0.6565155	1	0.5	3.45	3.388069	2.819317	2.510275
1544380823262	0.06516013	0.6849143	1	0.5	3.45	3.388069	2.799069	2.529255
1544380829185	0.210956	0.4847333	1	0.5	3.45	3.388069	2.979321	2.677588
1544380829211	0.2610444	0.6881881	1	0.5	3.45	3.388069	2.77213	2.472629
1544380835023	0.210956	0.4847333	1	0.5	3.45	3.388069	2.979321	2.677588
1544380841062	0.08420646	0.5696953	1	0.5	3.45	3.388069	2.910161	2.649655
1544380846835	0.1536801	0.5146447	1	0.5	3.45	3.388069	2.955714	2.69382
1544380852790	0.1778061	0.6274657	1	0.5	3.45	3.388069	2.840864	2.491988
1544380859063	-0.09183825	1.736454	1	0.5	3.45	3.388069	1.812874	2.306225
1544380852817	0.1192207	0.6565155	1	0.5	3.45	3.388069	2.819317	2.510275
1544380929591	-0.09294416	0.4233549	1	0.5	3.45	3.388069	3.08418	2.918248
1544380935335	-0.06711713	0.2853782	1	0.5	3.45	3.388069	3.215036	3.10766
1544380941075	-0.06711713	0.2853782	1	0.5	3.45	3.388069	3.215036	3.10766
1544380946889	-0.1328361	0.5668698	1	0.5	3.45	3.388069	2.951766	2.738196
1544380952650	-0.1983733	-0.3521333	1	0.5	3.45	3.388069	3.86574	3.610693
1544380958407	-0.09294416	0.4233549	1	0.5	3.45	3.388069	3.08418	2.918248
1544380964227	-0.1412262	0.4478929	1	0.5	3.45	3.388069	3.069824	2.876248
1544380970231	-0.09294416	0.4233549	1	0.5	3.45	3.388069	3.08418	2.918248
1544380976048	-0.09294416	0.4233549	1	0.5	3.45	3.388069	3.08418	2.918248
1544380981876	0.009518605	0.4810452	1	0.5	3.45	3.388069	3.009197	2.737531
1544381116761	-2.542812	-0.2328592	1	0.5	3.45	3.388069	4.777254	4.656506
1544381134329	-2.517846	-0.1109761	1	0.5	3.45	3.388069	4.667756	4.490455
1544381134303	-2.517846	-0.1109761	1	0.5	3.45	3.388069	4.667756	4.490455
1544381175455	-2.840308	-0.2792138	1	0.5	3.45	3.388069	5.006465	4.905523
1544381175482	-2.74795	-0.2130099	1	0.5	3.45	3.388069	4.895592	4.803412
1544381181384	-2.726999	-0.07034759	1	0.5	3.45	3.388069	4.775601	4.617552
1544381181410	-2.694716	0.0483984	1	0.5	3.45	3.388069	4.666594	4.452196
1544381193319	-2.840308	-0.2792138	1	0.5	3.45	3.388069	5.006465	4.905523
1544381193345	-2.626647	-0.290567	1	0.5	3.45	3.388069	4.875219	4.743575
1544381434561	1.243402	-0.4913778	1	0.5	3.45	3.388069	4.010873	4.001859
1544381434587	0.8941777	-0.5466475	1	0.5	3.45	3.388069	4.016039	3.999206
1544381476299	0.8876867	-0.3487391	1	0.5	3.45	3.388069	3.818471	3.755229
1544381628463	0.02582461	0.5970135	1	0.5	3.45	3.388069	2.892123	2.53532
1544381634228	0.06203458	0.4541081	1	0.5	3.45	3.388069	3.027735	2.719243
1544381639992	-0.02061305	0.5148815	1	0.5	3.45	3.388069	2.980933	2.798077
1544381645835	0.08420646	0.5696953	1	0.5	3.45	3.388069	2.910161	2.649655
1544381651994	0.1190496	0.4259274	1	0.5	3.45	3.388069	3.047973	2.832709
1544381651968	0.08420646	0.5696953	1	0.5	3.45	3.388069	2.910161	2.649655
1544381663823	0.08420646	0.5696953	1	0.5	3.45	3.388069	2.910161	2.649655
1544381657979	0.02582461	0.5970135	1	0.5	3.45	3.388069	2.892123	2.53532
1544381663797	-0.2509532	1.710615	1	0.5	3.45	3.388069	1.894569	2.355413
1544381669603	-0.02794019	0.6231783	1	0.5	3.45	3.388069	2.875698	2.555122
1544381669557	-0.07905843	0.5416129	1	0.5	3.45	3.388069	2.965472	2.769932
1544381681267	-0.02794019	0.6231783	1	0.5	3.45	3.388069	2.875698	2.555122
1544381675475	-0.2509532	1.710615	1	0.5	3.45	3.388069	1.894569	2.355413
1544381681241	-0.2509532	1.710615	1	0.5	3.45	3.388069	1.894569	2.355413
1544381716859	0.07555645	0.43598	1	0.5	3.45	3.388069	3.043759	2.926402
1544381757835	-0.01456727	0.259262	1	0.5	3.45	3.388069	3.231964	3.133314
1544381757868	0.04718763	0.2121835	1	0.5	3.45	3.388069	3.269326	3.121012
1544381763758	-0.01456727	0.259262	1	0.5	3.45	3.388069	3.231964	3.133314
1544381769726	-0.06711713	0.2853782	1	0.5	3.45	3.388069	3.215036	3.10766
1544381775484	-0.01456727	0.259262	1	0.5	3.45	3.388069	3.231964	3.133314
1544381781219	-0.01456727	0.259262	1	0.5	3.45	3.388069	3.231964	3.133314
1544381786994	-0.01456727	0.259262	1	0.5	3.45	3.388069	3.231964	3.133314
1544381792741	-0.320106	-0.4078118	1	0.5	3.45	3.388069	3.944019	3.727544
1544381798508	-0.01456727	0.259262	1	0.5	3.45	3.388069	3.231964	3.133314
1544381804544	-0.06711713	0.2853782	1	0.5	3.45	3.388069	3.215036	3.10766
1544381810385	0.03405847	0.3440584	1	0.5	3.45	3.388069	3.140697	2.928947
1544381956250	-2.437814	-0.06016589	1	0.5	3.45	3.388069	4.577337	4.412283
1544381956276	-2.437814	-0.06016589	1	0.5	3.45	3.388069	4.577337	4.412283
1544381997811	-2.464025	-0.1800732	1	0.5	3.45	3.388069	4.686457	4.577771
1544381997837	-2.542812	-0.2328592	1	0.5	3.45	3.388069	4.777254	4.656506
1544382068648	-2.726999	-0.07034759	1	0.5	3.45	3.388069	4.775601	4.617552
1544382068684	-2.74795	-0.2130099	1	0.5	3.45	3.388069	4.895592	4.803412
1544382267887	0.8876867	-0.3487391	1	0.5	3.45	3.388069	3.818471	3.755229
1544382291270	0.8876867	-0.3487391	1	0.5	3.45	3.388069	3.818471	3.755229
1544382267914	0.8876867	-0.3487391	1	0.5	3.45	3.388069	3.818471	3.755229
1544382303393	0.8876867	-0.3487391	1	0.5	3.45	3.388069	3.818471	3.755229
1544382291296	0.8779221	-0.1329762	1	0.5	3.45	3.388069	3.602852	3.47958
1544382309366	1.090131	-0.4262671	1	0.5	3.45	3.388069	3.920931	3.883246
1544382303419	1.090131	-0.4262671	1	0.5	3.45	3.388069	3.920931	3.883246
1544382397846	5.150916	-0.6430475	1	0.5	3.45	3.388069	6.195487	4.397855
1544382397873	0.8942723	4.394613	1	0.5	3.45	3.388069	1.023594	1.917013
1544382456017	0.1190496	0.4259274	1	0.5	3.45	3.388069	3.047973	2.832709
1544382461772	0.1190496	0.4259274	1	0.5	3.45	3.388069	3.047973	2.832709
1544382467519	0.08420646	0.5696953	1	0.5	3.45	3.388069	2.910161	2.649655
1544382467545	0.08420646	0.5696953	1	0.5	3.45	3.388069	2.910161	2.649655
1544382473489	0.08420646	0.5696953	1	0.5	3.45	3.388069	2.910161	2.649655
1544382479525	0.08420646	0.5696953	1	0.5	3.45	3.388069	2.910161	2.649655
1544382485309	0.08420646	0.5696953	1	0.5	3.45	3.388069	2.910161	2.649655
1544382491091	0.08420646	0.5696953	1	0.5	3.45	3.388069	2.910161	2.649655
1544382491117	0.08420646	0.5696953	1	0.5	3.45	3.388069	2.910161	2.649655
1544382496999	0.08420646	0.5696953	1	0.5	3.45	3.388069	2.910161	2.649655
1544382497025	0.08420646	0.5696953	1	0.5	3.45	3.388069	2.910161	2.649655
1544382502774	0.08420646	0.5696953	1	0.5	3.45	3.388069	2.910161	2.649655
1544382508645	-0.2052937	1.752785	1	0.5	3.45	3.388069	1.837928	2.20806
1544382508671	0.08420646	0.5696953	1	0.5	3.45	3.388069	2.910161	2.649655
1544382526623	0.1536801	0.5146447	1	0.5	3.45	3.388069	2.955714	2.69382
1544382526649	0.2351912	0.5792608	1	0.5	3.45	3.388069	2.882927	2.673243
1544382538522	0.1815471	0.612451	1	0.5	3.45	3.388069	2.855363	2.689333
1544382538548	0.1815471	0.612451	1	0.5	3.45	3.388069	2.855363	2.689333
1544382574543	0.009518605	0.4810452	1	0.5	3.45	3.388069	3.009197	2.737531
1544382574569	0.1008135	0.5438019	1	0.5	3.45	3.388069	2.933486	2.711094
1544382597869	-0.09294416	0.4233549	1	0.5	3.45	3.388069	3.08418	2.918248
1544382603708	-0.06711713	0.2853782	1	0.5	3.45	3.388069	3.215036	3.10766
1544382609473	-0.09294416	0.4233549	1	0.5	3.45	3.388069	3.08418	2.918248
1544382615336	-0.01456727	0.259262	1	0.5	3.45	3.388069	3.231964	3.133314
1544382621312	-0.06711713	0.2853782	1	0.5	3.45	3.388069	3.215036	3.10766
1544382621338	-0.01456727	0.259262	1	0.5	3.45	3.388069	3.231964	3.133314
1544382621531	-0.09294416	0.4233549	1	0.5	3.45	3.388069	3.08418	2.918248
1544382627310	-0.06711713	0.2853782	1	0.5	3.45	3.388069	3.215036	3.10766
1544382633062	-0.09294416	0.4233549	1	0.5	3.45	3.388069	3.08418	2.918248
1544382638823	-0.04048089	0.3973411	1	0.5	3.45	3.388069	3.100136	2.950005
1544382644832	-0.09294416	0.4233549	1	0.5	3.45	3.388069	3.08418	2.918248
1544382650601	-0.06711713	0.2853782	1	0.5	3.45	3.388069	3.215036	3.10766
1544382650633	0.03405847	0.3440584	1	0.5	3.45	3.388069	3.140697	2.928947
1544382785684	-2.437814	-0.06016589	1	0.5	3.45	3.388069	4.577337	4.412283
1544382826447	-2.626647	-0.290567	1	0.5	3.45	3.388069	4.875219	4.743575
1544382826473	-2.603044	-0.166556	1	0.5	3.45	3.388069	4.765329	4.577004
1544382838192	-2.694716	0.0483984	1	0.5	3.45	3.388069	4.666594	4.452196
1544382838218	-2.604909	0.1045217	1	0.5	3.45	3.388069	4.564283	4.360456
1544382850064	-2.638471	-0.01211241	1	0.5	3.45	3.388069	4.672924	4.525311
1544382850090	-2.726999	-0.07034759	1	0.5	3.45	3.388069	4.775601	4.617552
1544382867810	-2.604909	0.1045217	1	0.5	3.45	3.388069	4.564283	4.360456
1544382867836	-2.604909	0.1045217	1	0.5	3.45	3.388069	4.564283	4.360456
1544382879553	-2.553677	-0.3788866	1	0.5	3.45	3.388069	4.897481	4.843487
1544382879579	-2.660773	-0.1523134	1	0.5	3.45	3.388069	4.792405	4.710598
1544382891655	-2.638471	-0.01211241	1	0.5	3.45	3.388069	4.672924	4.525311
1544382891681	-2.638471	-0.01211241	1	0.5	3.45	3.388069	4.672924	4.525311
1544383096661	0.5129223	-0.3840008	1	0.5	3.45	3.388069	3.834023	3.779363
1544383096687	0.4854194	-0.1697763	1	0.5	3.45	3.388069	3.619806	3.507214
1544383102656	0.6973368	-0.2711089	1	0.5	3.45	3.388069	3.726338	3.645474
1544383102630	0.332381	-0.295083	1	0.5	3.45	3.388069	3.748832	3.684495
1544383137641	0.2958501	-0.08501707	1	0.5	3.45	3.388069	3.540907	3.422066
1544383272666	1.215048	5.006524	1	0.5	3.45	3.388069	1.71291	2.825353
1544383284163	-0.03539596	0.287045	1	0.5	3.45	3.388069	3.207948	3.11425
1544383284190	-0.09760133	0.3169052	1	0.5	3.45	3.388069	3.189578	3.095318
1544383289904	0.01653077	0.3697702	1	0.5	3.45	3.388069	3.117941	2.978614
1544383295852	0.04291336	0.4866105	1	0.5	3.45	3.388069	2.998434	2.825125
1544383295878	0.07848395	0.3405662	1	0.5	3.45	3.388069	3.137874	3.006511
1544383301897	0.07848395	0.3405662	1	0.5	3.45	3.388069	3.137874	3.006511
1544383301923	0.1190496	0.4259274	1	0.5	3.45	3.388069	3.047973	2.832709
1544383308012	0.04291336	0.4866105	1	0.5	3.45	3.388069	2.998434	2.825125
1544383308038	0.01653077	0.3697702	1	0.5	3.45	3.388069	3.117941	2.978614
1544383314360	0.01653077	0.3697702	1	0.5	3.45	3.388069	3.117941	2.978614
1544383314386	0.1039492	0.201931	1	0.5	3.45	3.388069	3.272126	3.183252
1544383320115	-0.1377101	0.4636962	1	0.5	3.45	3.388069	3.053635	2.916687
1544383325868	-0.03539596	0.287045	1	0.5	3.45	3.388069	3.207948	3.11425
1544383331796	-0.03539596	0.287045	1	0.5	3.45	3.388069	3.207948	3.11425
1544383331822	0.01653077	0.3697702	1	0.5	3.45	3.388069	3.117941	2.978614
1544383337554	0.07848395	0.3405662	1	0.5	3.45	3.388069	3.137874	3.006511
1544383337580	0.01653077	0.3697702	1	0.5	3.45	3.388069	3.117941	2.978614
1544383343339	-0.02061305	0.5148815	1	0.5	3.45	3.388069	2.980933	2.798077
1544383372851	-0.07905843	0.5416129	1	0.5	3.45	3.388069	2.965472	2.769932
1544383372877	-0.02061305	0.5148815	1	0.5	3.45	3.388069	2.980933	2.798077
1544383414130	-0.1548367	0.3448995	1	0.5	3.45	3.388069	3.173399	3.078077
1544383420349	-0.09294416	0.4233549	1	0.5	3.45	3.388069	3.08418	2.918248
1544383420375	-0.09294416	0.4233549	1	0.5	3.45	3.388069	3.08418	2.918248
1544383420454	-0.2074959	0.3711176	1	0.5	3.45	3.388069	3.159124	3.062096
1544383426501	-0.1548367	0.3448995	1	0.5	3.45	3.388069	3.173399	3.078077
1544383432271	-0.04048089	0.3973411	1	0.5	3.45	3.388069	3.100136	2.950005
1544383438039	-0.1377101	0.4636962	1	0.5	3.45	3.388069	3.053635	2.916687
1544383443913	-0.327669	0.446464	1	0.5	3.45	3.388069	3.115488	3.015964
1544383449711	-0.1548367	0.3448995	1	0.5	3.45	3.388069	3.173399	3.078077
1544383455638	-0.1548367	0.3448995	1	0.5	3.45	3.388069	3.173399	3.078077
1544383461388	-0.2822593	0.2983261	1	0.5	3.45	3.388069	3.247303	3.19204
1544383467256	-0.1548367	0.3448995	1	0.5	3.45	3.388069	3.173399	3.078077
1544383467288	-0.1548367	0.3448995	1	0.5	3.45	3.388069	3.173399	3.078077
1544383473148	-0.3353668	0.3259411	1	0.5	3.45	3.388069	3.233818	3.181717
1544383473180	-0.2074959	0.3711176	1	0.5	3.45	3.388069	3.159124	3.062096
1544383473229	-0.2074959	0.3711176	1	0.5	3.45	3.388069	3.159124	3.062096
1544383473278	-0.1548367	0.3448995	1	0.5	3.45	3.388069	3.173399	3.078077
1544383655844	-0.8866261	3.505043	1	0.5	7.55	7.49393	4.276028	4.984336
1544383655870	-0.5896258	3.668765	1	0.5	7.55	7.49393	4.031286	4.631264
1544383661993	-0.7560385	3.359185	1	0.5	7.55	7.49393	4.374993	4.990124
1544383662019	-0.7131442	3.427809	1	0.5	7.55	7.49393	4.296997	4.91101
1544383668049	-1.637234	3.536662	1	0.5	7.55	7.49393	4.546938	5.505758
1544383679841	-0.9596155	3.133823	1	0.5	7.55	7.49393	4.651139	5.477732
1544383674019	-1.664421	2.922122	1	0.5	7.55	7.49393	5.109009	5.535042
1544383679815	-2.104791	3.12702	1	0.5	7.55	7.49393	5.133	5.368995
1544383691514	-1.630913	3.667305	1	0.5	7.55	7.49393	4.429007	4.70888
1544383697325	-2.104791	3.12702	1	0.5	7.55	7.49393	5.133	5.368995
1544383685579	-1.070696	2.412394	1	0.5	7.55	7.49393	5.372344	5.461852
1544383703249	-0.9982293	2.174326	1	0.5	7.55	7.49393	5.580552	5.688207
1544383691488	-2.065691	3.681907	1	0.5	7.55	7.49393	4.64165	4.78639
1544383720860	-1.696018	2.988003	1	0.5	7.55	7.49393	5.063034	5.603668
1544383720886	-0.8744319	2.948298	1	0.5	7.55	7.49393	4.802574	5.733754
1544383778855	-2.805357	1.685674	1	0.5	7.55	7.49393	6.731694	6.615006
1544383784762	-2.571448	1.687492	1	0.5	7.55	7.49393	6.618368	6.430583
1544383790537	-2.638389	1.681726	1	0.5	7.55	7.49393	6.654782	6.506276
1544383796521	-2.720779	1.499391	1	0.5	7.55	7.49393	6.854436	6.881227
1544383802312	-3.058793	1.503094	1	0.5	7.55	7.49393	7.016415	7.16509
1544383808310	-3.058793	1.503094	1	0.5	7.55	7.49393	7.016415	7.16509
1544383814414	-3.313368	0.1327034	1	0.5	7.55	7.49393	8.340148	8.148636
1544383820171	-3.142797	1.204049	1	0.5	7.55	7.49393	7.317176	7.348603
1544383826197	-2.721532	2.014386	1	0.5	7.55	7.49393	6.404787	5.948511
1544383826229	-2.495242	2.038509	1	0.5	7.55	7.49393	6.272799	5.719814
1544383831935	-2.500835	2.505182	1	0.5	7.55	7.49393	5.869856	5.789952
1544383837685	-2.511628	1.85128	1	0.5	7.55	7.49393	6.445566	6.110133
1544383989732	-1.314254	3.218438	1	0.5	7.55	7.49393	4.696163	5.352177
1544383995874	-3.565376	2.514501	1	0.5	7.55	7.49393	6.471748	5.840483
1544384019375	-2.95283	3.51839	1	0.5	7.55	7.49393	5.308099	5.20283
1544384019401	-2.174014	3.371112	1	0.5	7.55	7.49393	4.961195	5.172319
1544384025456	-1.307876	2.505967	1	0.5	7.55	7.49393	5.358235	5.450221
1544384025482	-1.249755	2.314924	1	0.5	7.55	7.49393	5.519752	5.614156
1544384043269	-2.065691	3.681907	1	0.5	7.55	7.49393	4.64165	4.78639
1544384043295	-2.521015	3.297519	1	0.5	7.55	7.49393	5.216332	5.088106
1544384066627	-2.351401	2.748054	1	0.5	7.55	7.49393	5.584727	4.932779
1544384066653	-1.141894	2.380222	1	0.5	7.55	7.49393	5.424243	5.534032
1544384072809	-2.623002	3.514996	1	0.5	7.55	7.49393	5.102391	3.65202
1544384072835	-3.250115	3.129756	1	0.5	7.55	7.49393	5.796717	3.73348
1544384295925	-4.181136	0.1366891	1	0.5	7.55	7.49393	8.767566	10.84987
1544384295951	-2.239248	-1.6234	1	0.5	7.55	7.49393	9.573648	10.10337
1544384301892	-3.536066	3.153787	1	0.5	7.55	7.49393	5.967958	3.971229
1544384301918	-4.02125	2.700132	1	0.5	7.55	7.49393	6.630454	5.94554
1544384313846	-4.19241	1.502656	1	0.5	7.55	7.49393	7.65435	8.534057
1544384313872	-4.147184	1.026481	1	0.5	7.55	7.49393	8.009533	9.331894
1544384325810	0.6526838	5.054283	1	0.5	7.55	7.49393	2.500383	1.418728
1544384325836	-4.933304	-0.5296994	1	0.5	7.55	7.49393	9.736649	13.22988
1544384443150	-2.658453	-3.272409	1	0.5	7.55	7.49393	11.27388	13.02879
1544384466669	-1.003483	2.268434	1	0.5	7.55	7.49393	5.491393	5.615499
1544384466695	-1.002516	2.90824	1	0.5	7.55	7.49393	4.878882	5.894727
1544384472543	-1.087686	1.971639	1	0.5	7.55	7.49393	5.799902	5.928637
1544384478313	-1.076842	2.413274	1	0.5	7.55	7.49393	5.373303	5.490954
1544384484154	-0.9733399	2.203871	1	0.5	7.55	7.49393	5.545433	5.682465
1544384484180	-2.412657	1.979737	1	0.5	7.55	7.49393	6.28581	5.793121
1544384490182	-2.285239	2.333911	1	0.5	7.55	7.49393	5.913132	6.004448
1544384507790	-2.889546	-0.674633	1	0.5	7.55	7.49393	8.895707	8.33075
1544384513591	-1.952483	3.523225	1	0.5	7.55	7.49393	4.714826	4.575246
1544384519514	-2.100274	2.806116	1	0.5	7.55	7.49393	5.409793	5.391065
1544384560528	-3.302425	0.6178405	1	0.5	7.55	7.49393	7.906534	7.420262
1544384560554	-3.354164	0.5115659	1	0.5	7.55	7.49393	8.024596	7.598772
1544384595964	-3.12662	1.01318	1	0.5	7.55	7.49393	7.475452	7.035728
1544384601739	-3.02831	1.436866	1	0.5	7.55	7.49393	7.058284	6.880315
1544384607505	-2.444502	1.589513	1	0.5	7.55	7.49393	6.64812	6.509208
1544384613254	-2.91686	2.082016	1	0.5	7.55	7.49393	6.447773	5.947228
1544384619084	-2.805357	1.685674	1	0.5	7.55	7.49393	6.731694	6.615006
1544384625109	-2.903135	1.545021	1	0.5	7.55	7.49393	6.902253	6.945084
1544384631082	-2.945171	1.443971	1	0.5	7.55	7.49393	7.010905	7.162475
1544384636845	-2.974714	1.101541	1	0.5	7.55	7.49393	7.325043	7.789395
1544384642657	-2.97796	1.565743	1	0.5	7.55	7.49393	6.921527	6.974707
1544384648504	-0.9263331	2.852416	1	0.5	7.55	7.49393	4.90935	5.858071
1544384820043	-3.512022	3.181294	1	0.5	7.55	7.49393	5.931434	5.461728
1544384843325	-3.403809	1.912045	1	0.5	7.55	7.49393	6.857569	6.819943
1544384878775	-3.371418	2.720492	1	0.5	7.55	7.49393	6.18967	5.148227
1544384878801	-3.371418	2.720492	1	0.5	7.55	7.49393	6.18967	5.148227
1544384890465	-2.42096	4.276565	1	0.5	7.55	7.49393	4.387184	3.936109
1544384890491	-1.913129	4.494302	1	0.5	7.55	7.49393	3.893646	3.645235
1544385102133	-0.3035328	4.129321	1	0.5	7.55	7.49393	3.513788	2.762102
1544385102159	-4.673154	2.237181	1	0.5	7.55	7.49393	7.41536	7.910927
1544385142900	-5.535784	1.205778	1	0.5	7.55	7.49393	8.756703	11.46435
1544385142926	-5.396409	2.472346	1	0.5	7.55	7.49393	7.781401	8.930009
1544385148960	-5.535784	1.205778	1	0.5	7.55	7.49393	8.756703	11.46435
1544385260492	-0.3704128	5.001435	1	0.5	7.55	7.49393	2.693103	1.518503
1544385301466	-2.486121	2.651756	1	0.5	7.55	7.49393	5.736699	4.68948
1544385307240	-2.658452	2.377143	1	0.5	7.55	7.49393	6.06088	5.130427
1544385313373	-3.106915	2.104403	1	0.5	7.55	7.49393	6.531796	6.120301
1544385324968	-2.543462	2.309933	1	0.5	7.55	7.49393	6.059782	5.21878
1544385319175	-2.814717	2.309218	1	0.5	7.55	7.49393	6.20106	5.45038
1544385331062	-2.588754	2.501695	1	0.5	7.55	7.49393	5.918259	4.839468
1544385336879	-2.109552	2.632622	1	0.5	7.55	7.49393	5.566899	4.993846
1544385336905	-2.271802	2.481734	1	0.5	7.55	7.49393	5.776695	5.075136
1544385340060	-2.109552	2.632622	1	0.5	7.55	7.49393	5.566899	4.993846
1544385340092	-2.00399	2.582264	1	0.5	7.55	7.49393	5.563125	5.023277
1544385343020	-2.109552	2.632622	1	0.5	7.55	7.49393	5.566899	4.993846
1544385343056	-1.588676	3.491834	1	0.5	7.55	7.49393	4.56413	4.629927
1544385348918	-2.109552	2.632622	1	0.5	7.55	7.49393	5.566899	4.993846
1544385354866	-2.658452	2.377143	1	0.5	7.55	7.49393	6.06088	5.130427
1544385348944	-2.325905	2.21041	1	0.5	7.55	7.49393	6.041272	5.24546
1544385396224	-2.809383	1.846039	1	0.5	7.55	7.49393	6.594481	6.342232
1544385396250	-2.809383	1.846039	1	0.5	7.55	7.49393	6.594481	6.342232
1544385402113	-2.924085	1.901344	1	0.5	7.55	7.49393	6.605428	6.347622
1544385402144	-2.809383	1.846039	1	0.5	7.55	7.49393	6.594481	6.342232
1544385437914	-2.656675	1.596385	1	0.5	7.55	7.49393	6.738703	6.651163
1544385619765	5.447791	-1.483748	1	0.5	7.55	7.49393	10.29996	10.46964
1544385619791	5.447791	-1.483748	1	0.5	7.55	7.49393	10.29996	10.46964
1544385666967	-0.9959708	3.317717	1	0.5	7.55	7.49393	4.488892	6.250952
1544385666993	-3.774186	2.110637	1	0.5	7.55	7.49393	6.917755	6.894534
1544385678760	-2.660117	4.086956	1	0.5	7.55	7.49393	4.688178	4.604297
1544385708276	-2.60384	4.39703	1	0.5	7.55	7.49393	4.424369	4.212894
1544385725744	-3.929107	2.801129	1	0.5	7.55	7.49393	6.493748	6.543885
1544385725770	-3.929107	2.801129	1	0.5	7.55	7.49393	6.493748	6.543885
1544385955445	-2.579736	-1.806772	1	0.5	7.55	7.49393	9.850582	10.76581
1544385961579	-5.646973	2.628516	1	0.5	7.55	7.49393	7.874406	8.907094
1544385979251	-4.070897	3.90798	1	0.5	7.55	7.49393	5.844434	2.260935
1544385979277	-4.302867	3.567881	1	0.5	7.55	7.49393	6.238974	4.215577
1544386056046	-5.963995	2.848437	1	0.5	7.55	7.49393	7.992992	8.831619
1544386056078	-5.276892	3.451374	1	0.5	7.55	7.49393	7.083164	6.466121
1544386061804	-4.638217	4.225331	1	0.5	7.55	7.49393	6.120024	2.489489
1544386067740	-5.731408	1.109791	1	0.5	7.55	7.49393	8.961403	11.2686
1544386067845	-5.276892	3.451374	1	0.5	7.55	7.49393	7.083164	6.466121
1544386067877	-5.727128	2.730932	1	0.5	7.55	7.49393	7.874042	8.657156
1544386073573	-5.998613	1.804763	1	0.5	7.55	7.49393	8.674083	10.68925
1544386079337	-5.963995	2.848437	1	0.5	7.55	7.49393	7.992992	8.831619
1544386085131	-6.103839	2.886641	1	0.5	7.55	7.49393	8.084405	9.080595
1544386090938	-6.23227	1.913893	1	0.5	7.55	7.49393	8.780044	10.82439
1544386096687	-5.640297	3.896366	1	0.5	7.55	7.49393	7.145088	6.291285
1544386102550	-5.872967	2.772341	1	0.5	7.55	7.49393	7.964969	8.904191
1544386108447	-6.036358	2.82058	1	0.5	7.55	7.49393	8.067923	9.191518
1544386114121	-2.817818	1.908977	1	0.5	7.55	7.49393	6.544391	6.257006
1544386114147	-2.748483	1.734191	1	0.5	7.55	7.49393	6.661552	6.507538
1544386120087	-2.698497	1.853509	1	0.5	7.55	7.49393	6.533023	6.252815
1544386126081	-2.638389	1.681726	1	0.5	7.55	7.49393	6.654782	6.506276
1544386126107	-2.562424	1.527179	1	0.5	7.55	7.49393	6.756687	6.709956
1544386131838	-2.638389	1.681726	1	0.5	7.55	7.49393	6.654782	6.506276
1544386131864	-2.573426	1.736032	1	0.5	7.55	7.49393	6.576335	6.365974
1544386137846	-2.359645	2.209077	1	0.5	7.55	7.49393	6.058303	6.257895
1544386143617	-2.375863	2.439787	1	0.5	7.55	7.49393	5.86386	6.257301
1544386143644	-2.359645	2.209077	1	0.5	7.55	7.49393	6.058303	6.257895
1544386149412	-2.638389	1.681726	1	0.5	7.55	7.49393	6.654782	6.506276
1544386155408	-3.281101	1.3635	1	0.5	7.55	7.49393	7.250483	6.709946
1544386161485	-2.86826	1.791369	1	0.5	7.55	7.49393	6.671357	6.511531
1544386167246	-2.817818	1.908977	1	0.5	7.55	7.49393	6.544391	6.257006
1544386173004	-2.60137	2.364784	1	0.5	7.55	7.49393	6.041933	6.110748
1544386220587	-2.560378	2.139303	1	0.5	7.55	7.49393	6.216233	6.039524
1544386220612	-2.156576	2.596101	1	0.5	7.55	7.49393	5.621255	5.864355
1544386443783	5.639352	-0.7185754	1	0.5	7.55	7.49393	9.735619	9.461296
1544386443809	5.639352	-0.7185754	1	0.5	7.55	7.49393	9.735619	9.461296
1544386455770	0.4088947	4.095087	1	0.5	7.55	7.49393	3.456114	2.874078
1544386455796	0.08619052	4.044534	1	0.5	7.55	7.49393	3.529806	2.957322
1544386490785	0.1392739	3.656703	1	0.5	7.55	7.49393	3.909973	3.518176
1544386490811	0.1392739	3.656703	1	0.5	7.55	7.49393	3.909973	3.518176
1544386508522	-1.855482	4.491227	1	0.5	7.55	7.49393	3.86062	4.026883
1544386508548	-2.137157	4.593947	1	0.5	7.55	7.49393	3.96142	3.45747
1544386543700	-3.239014	2.689954	1	0.5	7.55	7.49393	6.131906	6.157681
1544386743207	-6.436792	0.03254012	1	0.5	7.55	7.49393	10.22894	13.56334
1544386743234	-3.425347	4.937157	1	0.5	7.55	7.49393	4.715432	1.684689
1544386749406	-5.812577	0.04101331	1	0.5	7.55	7.49393	9.809868	10.52762
1544386749432	-4.26646	-0.7090809	1	0.5	7.55	7.49393	9.535804	9.879401
1544386873286	-3.107106	-0.6597093	1	0.5	7.55	7.49393	8.967193	9.400529
1544386873386	-2.974088	-0.5913121	1	0.5	7.55	7.49393	8.851568	9.321214
1544386879118	-2.916866	-0.1813928	1	0.5	7.55	7.49393	8.452775	8.765427
1544386884994	-2.916866	-0.1813928	1	0.5	7.55	7.49393	8.452775	8.765427
1544386885020	-2.916866	-0.1813928	1	0.5	7.55	7.49393	8.452775	8.765427
1544386885174	-3.04765	-0.2552101	1	0.5	7.55	7.49393	8.57363	8.850531
1544386890928	-3.107106	-0.6597093	1	0.5	7.55	7.49393	8.967193	9.400529
1544386896726	-3.491847	-1.227467	1	0.5	7.55	7.49393	9.64255	10.32007
1544386902482	-2.974088	-0.5913121	1	0.5	7.55	7.49393	8.851568	9.321214
1544386908237	-3.246881	-1.73454	1	0.5	7.55	7.49393	10.01208	10.99995
1544386914266	-3.371831	-0.967797	1	0.5	7.55	7.49393	9.356492	9.944401
1544386920114	-3.458617	-1.425942	1	0.5	7.55	7.49393	9.810106	10.62668
1544386925868	-8.328836	-5.179171	1	0.5	7.55	7.49393	15.49129	16.45443
1544386931522	-2.298129	3.002827	1	0.5	7.55	7.49393	5.33913	5.511522
1544386937283	-2.393716	2.342663	1	0.5	7.55	7.49393	5.957344	5.147671
1544386943047	-0.3281975	3.929941	1	0.5	7.55	7.49393	3.713588	4.257899
1544386948830	-2.94143	2.424423	1	0.5	7.55	7.49393	6.173733	6.265013
1544386954638	-0.8617093	3.426721	1	0.5	7.55	7.49393	4.342313	4.356077
1544386954664	-0.8617093	3.426721	1	0.5	7.55	7.49393	4.342313	4.356077
1544386960537	-1.475469	3.11192	1	0.5	7.55	7.49393	4.857883	5.307521
1544386960563	-1.475469	3.11192	1	0.5	7.55	7.49393	4.857883	5.307521
1544386966561	7.062159	1.145702	1	0.5	7.55	7.49393	9.169349	8.994437
1544386972562	-1.385523	4.138712	1	0.5	7.55	7.49393	3.897702	4.217237
1544386966587	-1.367239	3.652011	1	0.5	7.55	7.49393	4.322141	4.804527
1544387026080	-2.560378	2.139303	1	0.5	7.55	7.49393	6.216233	6.039524
1544387026106	-2.82558	1.861702	1	0.5	7.55	7.49393	6.589098	6.621711
1544387033266	-2.82558	1.861702	1	0.5	7.55	7.49393	6.589098	6.621711
1544387033292	-2.633969	2.168783	1	0.5	7.55	7.49393	6.227299	5.861259
1544387035959	-2.560378	2.139303	1	0.5	7.55	7.49393	6.216233	6.039524
1544387035985	-2.560378	2.139303	1	0.5	7.55	7.49393	6.216233	6.039524
1544387055496	-2.975787	1.536905	1	0.5	7.55	7.49393	6.945388	7.024924
1544387061246	-3.101622	0.7889684	1	0.5	7.55	7.49393	7.660498	7.066557
1544387067004	-2.96603	1.207236	1	0.5	7.55	7.49393	7.228003	7.476123
1544387073123	-2.928468	1.136835	1	0.5	7.55	7.49393	7.272075	7.470084
1544387073361	-3.274593	0.292129	1	0.5	7.55	7.49393	8.180724	7.884729
1544387079327	-3.009988	1.177099	1	0.5	7.55	7.49393	7.275567	6.728743
1544387085633	-3.230752	1.117922	1	0.5	7.55	7.49393	7.435734	7.27467
1544387091837	-2.924358	1.466856	1	0.5	7.55	7.49393	6.98075	6.954349
1544387097729	-3.176602	1.50505	1	0.5	7.55	7.49393	7.075226	6.727176
1544387103694	-3.254506	1.003854	1	0.5	7.55	7.49393	7.546413	6.86268
1544387103726	-3.009988	1.177099	1	0.5	7.55	7.49393	7.275567	6.728743
1544387109428	-3.009988	1.177099	1	0.5	7.55	7.49393	7.275567	6.728743
1544387250016	-1.164396	3.724016	1	0.5	7.55	7.49393	4.172333	5.432038
1544387250042	-1.164396	3.724016	1	0.5	7.55	7.49393	4.172333	5.432038
1544387296423	-0.9959708	3.317717	1	0.5	7.55	7.49393	4.488892	6.250952
1544387296449	-0.7450406	3.39976	1	0.5	7.55	7.49393	4.332969	4.209973
1544387354961	-2.137157	4.593947	1	0.5	7.55	7.49393	3.96142	3.45747
1544387354987	-2.137157	4.593947	1	0.5	7.55	7.49393	3.96142	3.45747
1544387572014	-2.835466	-1.465882	1	0.5	7.55	7.49393	9.613088	10.39348
1544387572041	-2.850391	-1.282293	1	0.5	7.55	7.49393	9.446402	10.10916
1544387577962	-3.174093	-1.980636	1	0.5	7.55	7.49393	10.2143	11.13033
1544387577988	-2.820026	-1.415213	1	0.5	7.55	7.49393	9.56021	10.19959
1544387607417	-2.850391	-1.282293	1	0.5	7.55	7.49393	9.446402	10.10916
1544387607443	-2.930618	-1.902002	1	0.5	7.55	7.49393	10.05532	11.06435
1544387619323	-3.047245	-1.940891	1	0.5	7.55	7.49393	10.13213	11.09595
1544387731752	-6.671365	0.127089	1	0.5	7.55	7.49393	10.32124	13.59767
1544387731778	-6.565312	0.4998042	1	0.5	7.55	7.49393	9.981177	13.12079
1544387754975	-2.500835	2.505182	1	0.5	7.55	7.49393	5.869856	5.789952
1544387760832	-2.500835	2.505182	1	0.5	7.55	7.49393	5.869856	5.789952
1544387760857	-2.383148	2.655903	1	0.5	7.55	7.49393	5.680205	6.112224
1544387767020	-2.500835	2.505182	1	0.5	7.55	7.49393	5.869856	5.789952
1544387772799	-2.733313	2.04232	1	0.5	7.55	7.49393	6.386615	5.933999
1544387772825	-2.090009	2.891354	1	0.5	7.55	7.49393	5.330209	5.457712
1544387778548	-2.178269	2.930624	1	0.5	7.55	7.49393	5.339641	5.52415
1544387784591	-2.34514	2.655535	1	0.5	7.55	7.49393	5.661326	5.405648
1544387790372	-2.412657	1.979737	1	0.5	7.55	7.49393	6.28581	5.793121
1544387796121	-2.412657	1.979737	1	0.5	7.55	7.49393	6.28581	5.793121
1544387801939	-2.500835	2.505182	1	0.5	7.55	7.49393	5.869856	5.789952
1544387778574	-2.302006	2.787496	1	0.5	7.55	7.49393	5.525639	5.849616
1544387837405	-2.560378	2.139303	1	0.5	7.55	7.49393	6.216233	6.039524
1544387837431	-2.15224	2.423876	1	0.5	7.55	7.49393	5.771613	6.057176
1544387849487	-2.156576	2.596101	1	0.5	7.55	7.49393	5.621255	5.864355
1544387873170	-2.924358	1.466856	1	0.5	7.55	7.49393	6.98075	6.954349
1544387879252	-2.602497	-0.2381574	1	0.5	7.55	7.49393	8.383369	7.930008
1544387879284	-2.134877	-0.6692437	1	0.5	7.55	7.49393	8.631254	8.334755
1544387879333	-2.37636	1.548369	1	0.5	7.55	7.49393	6.655301	6.54034
1544387879383	-2.880327	1.043887	1	0.5	7.55	7.49393	7.331856	7.342408
1544387885019	-3.154834	0.7057311	1	0.5	7.55	7.49393	7.758984	7.207627
1544387890832	-3.101622	0.7889684	1	0.5	7.55	7.49393	7.660498	7.066557
1544387896668	-3.101622	0.7889684	1	0.5	7.55	7.49393	7.660498	7.066557
1544387902548	-3.101622	0.7889684	1	0.5	7.55	7.49393	7.660498	7.066557
1544387908332	-2.681622	1.420364	1	0.5	7.55	7.49393	6.906168	6.900056
1544387914345	-2.924358	1.466856	1	0.5	7.55	7.49393	6.98075	6.954349
1544387920268	-2.971105	0.5417347	1	0.5	7.55	7.49393	7.820764	7.462768
1544387920294	-2.971105	0.5417347	1	0.5	7.55	7.49393	7.820764	7.462768
1544387920419	-2.956087	0.8690031	1	0.5	7.55	7.49393	7.521985	6.85701
1544387926447	-3.101622	0.7889684	1	0.5	7.55	7.49393	7.660498	7.066557
1544387932200	-3.144267	0.3753416	1	0.5	7.55	7.49393	8.047137	7.74352
