1543662529553	30:ae:a4:3b:a2:d8	-52	0.8
1543662535866	30:ae:a4:3b:a2:d8	-52	0.8
1543662535889	30:ae:a4:3b:a2:d8	-52	0.8
1543662542708	30:ae:a4:3b:a2:d8	-54	0.8
1543662542733	30:ae:a4:3b:a2:d8	-54	0.8
1543662549735	30:ae:a4:3b:a2:d8	-53	0.8
1543662549760	30:ae:a4:3b:a2:d8	-53	0.8
1543662556614	30:ae:a4:3b:a2:d8	-53	0.8
1543662556635	30:ae:a4:3b:a2:d8	-52	0.8
1543662563391	30:ae:a4:3b:a2:d8	-53	0.8
1543662563416	30:ae:a4:3b:a2:d8	-53	0.8
1543662570300	30:ae:a4:3b:a2:d8	-53	0.8
1543662570323	30:ae:a4:3b:a2:d8	-53	0.8
1543662632291	30:ae:a4:3b:a2:d8	-51	0.8
1543662632322	30:ae:a4:3b:a2:d8	-52	0.8
1543662638983	30:ae:a4:3b:a2:d8	-52	0.8
1543662639014	30:ae:a4:3b:a2:d8	-52	0.8
1543662645873	30:ae:a4:3b:a2:d8	-52	0.8
1543662645903	30:ae:a4:3b:a2:d8	-52	0.8
1543662652623	30:ae:a4:3b:a2:d8	-52	0.8
1543662652653	30:ae:a4:3b:a2:d8	-52	0.8
1543662659403	30:ae:a4:3b:a2:d8	-51	0.8
1543662659434	30:ae:a4:3b:a2:d8	-51	0.8
1543662666255	30:ae:a4:3b:a2:d8	-52	0.8
1543662666285	30:ae:a4:3b:a2:d8	-51	0.8
1543662673261	30:ae:a4:3b:a2:d8	-51	0.8
1543662673291	30:ae:a4:3b:a2:d8	-51	0.8
1543662680245	30:ae:a4:3b:a2:d8	-51	0.8
1543662680275	30:ae:a4:3b:a2:d8	-50	0.8
1543662694125	30:ae:a4:3b:a2:d8	-53	0.8
1543662694155	30:ae:a4:3b:a2:d8	-53	0.8
1543662700905	30:ae:a4:3b:a2:d8	-53	0.8
1543662700936	30:ae:a4:3b:a2:d8	-53	0.8
1543662707639	30:ae:a4:3b:a2:d8	-52	0.8
1543662707670	30:ae:a4:3b:a2:d8	-52	0.8
1543662714654	30:ae:a4:3b:a2:d8	-53	0.8
1543662714685	30:ae:a4:3b:a2:d8	-53	0.8
1543662719999	30:ae:a4:3b:a2:d8	-52	0.8
1543662720028	30:ae:a4:3b:a2:d8	-52	0.8
1543662721576	30:ae:a4:3b:a2:d8	-52	0.8
1543662721606	30:ae:a4:3b:a2:d8	-52	0.8
1543662728435	30:ae:a4:3b:a2:d8	-52	0.8
1543662728465	30:ae:a4:3b:a2:d8	-52	0.8
1543662735434	30:ae:a4:3b:a2:d8	-52	0.8
1543662735464	30:ae:a4:3b:a2:d8	-52	0.8
1543662755917	30:ae:a4:3b:a2:d8	-53	0.8
1543662755947	30:ae:a4:3b:a2:d8	-54	0.8
1543662756182	30:ae:a4:3b:a2:d8	-54	0.8
1543662762948	30:ae:a4:3b:a2:d8	-54	0.8
1543662762978	30:ae:a4:3b:a2:d8	-54	0.8
1543662763370	30:ae:a4:3b:a2:d8	-55	0.8
1543662770025	30:ae:a4:3b:a2:d8	-54	0.8
1543662770056	30:ae:a4:3b:a2:d8	-54	0.8
1543662770330	30:ae:a4:3b:a2:d8	-54	0.8
1543662776869	30:ae:a4:3b:a2:d8	-53	0.8
1543662776899	30:ae:a4:3b:a2:d8	-54	0.8
1543662777143	30:ae:a4:3b:a2:d8	-54	0.8
1543662783665	30:ae:a4:3b:a2:d8	-53	0.8
1543662783695	30:ae:a4:3b:a2:d8	-53	0.8
1543662783945	30:ae:a4:3b:a2:d8	-54	0.8
1543662790508	30:ae:a4:3b:a2:d8	-53	0.8
1543662790539	30:ae:a4:3b:a2:d8	-53	0.8
1543662790755	30:ae:a4:3b:a2:d8	-54	0.8
1543662797273	30:ae:a4:3b:a2:d8	-51	0.8
1543662797304	30:ae:a4:3b:a2:d8	-51	0.8
1543662797572	30:ae:a4:3b:a2:d8	-52	0.8
1543662804132	30:ae:a4:3b:a2:d8	-54	0.8
1543662804162	30:ae:a4:3b:a2:d8	-54	0.8
1543662804394	30:ae:a4:3b:a2:d8	-54	0.8
1543662810991	30:ae:a4:3b:a2:d8	-53	0.8
1543662811021	30:ae:a4:3b:a2:d8	-53	0.8
1543662811237	30:ae:a4:3b:a2:d8	-53	0.8
1543662817866	30:ae:a4:3b:a2:d8	-54	0.8
1543662817896	30:ae:a4:3b:a2:d8	-54	0.8
1543662824850	30:ae:a4:3b:a2:d8	-55	0.8
1543662824880	30:ae:a4:3b:a2:d8	-54	0.8
1543662831708	30:ae:a4:3b:a2:d8	-49	0.8
1543662831739	30:ae:a4:3b:a2:d8	-48	0.8
1543662838598	30:ae:a4:3b:a2:d8	-47	0.8
1543662838629	30:ae:a4:3b:a2:d8	-48	0.8
1543662845483	30:ae:a4:3b:a2:d8	-48	0.8
1543662845514	30:ae:a4:3b:a2:d8	-48	0.8
1543662852358	30:ae:a4:3b:a2:d8	-49	0.8
1543662852388	30:ae:a4:3b:a2:d8	-49	0.8
1543662859279	30:ae:a4:3b:a2:d8	-49	0.8
1543662859309	30:ae:a4:3b:a2:d8	-49	0.8
1543662866122	30:ae:a4:3b:a2:d8	-48	0.8
1543662866153	30:ae:a4:3b:a2:d8	-47	0.8
1543662872888	30:ae:a4:3b:a2:d8	-48	0.8
1543662872918	30:ae:a4:3b:a2:d8	-48	0.8
1543663002380	30:ae:a4:3b:a2:d8	-49	1.2
1543663002410	30:ae:a4:3b:a2:d8	-49	1.2
1543663004043	30:ae:a4:3b:a2:d8	-50	1.2
1543663004065	30:ae:a4:3b:a2:d8	-49	1.2
1543663010696	30:ae:a4:3b:a2:d8	-49	1.2
1543663010721	30:ae:a4:3b:a2:d8	-48	1.2
1543663017525	30:ae:a4:3b:a2:d8	-49	1.2
1543663017548	30:ae:a4:3b:a2:d8	-48	1.2
1543663024335	30:ae:a4:3b:a2:d8	-48	1.2
1543663024360	30:ae:a4:3b:a2:d8	-49	1.2
1543663031147	30:ae:a4:3b:a2:d8	-49	1.2
1543663031169	30:ae:a4:3b:a2:d8	-49	1.2
1543663038142	30:ae:a4:3b:a2:d8	-50	1.2
1543663038167	30:ae:a4:3b:a2:d8	-48	1.2
1543663045033	30:ae:a4:3b:a2:d8	-49	1.2
1543663045057	30:ae:a4:3b:a2:d8	-48	1.2
1543663052094	30:ae:a4:3b:a2:d8	-49	1.2
1543663052119	30:ae:a4:3b:a2:d8	-49	1.2
1543663058881	30:ae:a4:3b:a2:d8	-48	1.2
1543663058900	30:ae:a4:3b:a2:d8	-48	1.2
1543663066015	30:ae:a4:3b:a2:d8	-46	1.2
1543663066045	30:ae:a4:3b:a2:d8	-46	1.2
1543663072874	30:ae:a4:3b:a2:d8	-46	1.2
1543663072904	30:ae:a4:3b:a2:d8	-46	1.2
1543663079686	30:ae:a4:3b:a2:d8	-46	1.2
1543663079716	30:ae:a4:3b:a2:d8	-46	1.2
1543663086646	30:ae:a4:3b:a2:d8	-47	1.2
1543663086678	30:ae:a4:3b:a2:d8	-47	1.2
1543663093536	30:ae:a4:3b:a2:d8	-47	1.2
1543663093567	30:ae:a4:3b:a2:d8	-47	1.2
1543663100302	30:ae:a4:3b:a2:d8	-47	1.2
1543663100332	30:ae:a4:3b:a2:d8	-47	1.2
1543663107265	30:ae:a4:3b:a2:d8	-47	1.2
1543663107295	30:ae:a4:3b:a2:d8	-47	1.2
1543663114202	30:ae:a4:3b:a2:d8	-48	1.2
1543663114232	30:ae:a4:3b:a2:d8	-47	1.2
1543663121180	30:ae:a4:3b:a2:d8	-47	1.2
1543663121211	30:ae:a4:3b:a2:d8	-47	1.2
1543663135255	30:ae:a4:3b:a2:d8	-48	1.2
1543663135286	30:ae:a4:3b:a2:d8	-48	1.2
1543663142098	30:ae:a4:3b:a2:d8	-46	1.2
1543663142129	30:ae:a4:3b:a2:d8	-47	1.2
1543663148965	30:ae:a4:3b:a2:d8	-47	1.2
1543663148995	30:ae:a4:3b:a2:d8	-47	1.2
1543663155838	30:ae:a4:3b:a2:d8	-47	1.2
1543663155869	30:ae:a4:3b:a2:d8	-48	1.2
1543663162666	30:ae:a4:3b:a2:d8	-47	1.2
1543663162696	30:ae:a4:3b:a2:d8	-47	1.2
1543663169509	30:ae:a4:3b:a2:d8	-47	1.2
1543663169540	30:ae:a4:3b:a2:d8	-48	1.2
1543663176321	30:ae:a4:3b:a2:d8	-48	1.2
1543663176352	30:ae:a4:3b:a2:d8	-47	1.2
1543663183493	30:ae:a4:3b:a2:d8	-47	1.2
1543663183523	30:ae:a4:3b:a2:d8	-47	1.2
1543663190367	30:ae:a4:3b:a2:d8	-47	1.2
1543663190397	30:ae:a4:3b:a2:d8	-47	1.2
1543663197288	30:ae:a4:3b:a2:d8	-49	1.2
1543663197319	30:ae:a4:3b:a2:d8	-49	1.2
1543663197614	30:ae:a4:3b:a2:d8	-49	1.2
1543663204147	30:ae:a4:3b:a2:d8	-48	1.2
1543663204179	30:ae:a4:3b:a2:d8	-47	1.2
1543663204362	30:ae:a4:3b:a2:d8	-48	1.2
1543663211162	30:ae:a4:3b:a2:d8	-48	1.2
1543663211193	30:ae:a4:3b:a2:d8	-48	1.2
1543663211394	30:ae:a4:3b:a2:d8	-49	1.2
1543663218006	30:ae:a4:3b:a2:d8	-48	1.2
1543663218036	30:ae:a4:3b:a2:d8	-49	1.2
1543663218242	30:ae:a4:3b:a2:d8	-48	1.2
1543663224740	30:ae:a4:3b:a2:d8	-48	1.2
1543663224770	30:ae:a4:3b:a2:d8	-48	1.2
1543663224974	30:ae:a4:3b:a2:d8	-50	1.2
1543663231645	30:ae:a4:3b:a2:d8	-48	1.2
1543663231676	30:ae:a4:3b:a2:d8	-49	1.2
1543663231967	30:ae:a4:3b:a2:d8	-49	1.2
1543663238598	30:ae:a4:3b:a2:d8	-48	1.2
1543663238628	30:ae:a4:3b:a2:d8	-48	1.2
1543663238813	30:ae:a4:3b:a2:d8	-49	1.2
1543663245535	30:ae:a4:3b:a2:d8	-49	1.2
1543663245565	30:ae:a4:3b:a2:d8	-49	1.2
1543663245718	30:ae:a4:3b:a2:d8	-49	1.2
1543663252361	30:ae:a4:3b:a2:d8	-49	1.2
1543663252391	30:ae:a4:3b:a2:d8	-49	1.2
1543663252664	30:ae:a4:3b:a2:d8	-49	1.2
1543663259267	30:ae:a4:3b:a2:d8	-50	1.2
1543663259297	30:ae:a4:3b:a2:d8	-49	1.2
1543663266141	30:ae:a4:3b:a2:d8	-50	1.2
1543663266172	30:ae:a4:3b:a2:d8	-50	1.2
1543663272953	30:ae:a4:3b:a2:d8	-49	1.2
1543663272984	30:ae:a4:3b:a2:d8	-49	1.2
1543663279798	30:ae:a4:3b:a2:d8	-49	1.2
1543663279827	30:ae:a4:3b:a2:d8	-49	1.2
1543663286702	30:ae:a4:3b:a2:d8	-49	1.2
1543663286733	30:ae:a4:3b:a2:d8	-49	1.2
1543663293671	30:ae:a4:3b:a2:d8	-49	1.2
1543663293701	30:ae:a4:3b:a2:d8	-49	1.2
1543663300389	30:ae:a4:3b:a2:d8	-49	1.2
1543663300419	30:ae:a4:3b:a2:d8	-49	1.2
1543663307388	30:ae:a4:3b:a2:d8	-49	1.2
1543663307419	30:ae:a4:3b:a2:d8	-49	1.2
1543663314279	30:ae:a4:3b:a2:d8	-49	1.2
1543663314309	30:ae:a4:3b:a2:d8	-49	1.2
1543663492516	30:ae:a4:3b:a2:d8	-53	1.6
1543663492544	30:ae:a4:3b:a2:d8	-53	1.6
1543663499491	30:ae:a4:3b:a2:d8	-54	1.6
1543663499522	30:ae:a4:3b:a2:d8	-53	1.6
1543663506215	30:ae:a4:3b:a2:d8	-53	1.6
1543663506240	30:ae:a4:3b:a2:d8	-53	1.6
1543663513095	30:ae:a4:3b:a2:d8	-53	1.6
1543663513117	30:ae:a4:3b:a2:d8	-54	1.6
1543663519996	30:ae:a4:3b:a2:d8	-56	1.6
1543663520021	30:ae:a4:3b:a2:d8	-56	1.6
1543663561508	30:ae:a4:3b:a2:d8	-54	1.6
1543663561540	30:ae:a4:3b:a2:d8	-54	1.6
1543663568315	30:ae:a4:3b:a2:d8	-52	1.6
1543663568320	30:ae:a4:3b:a2:d8	-52	1.6
1543663575183	30:ae:a4:3b:a2:d8	-54	1.6
1543663581943	30:ae:a4:3b:a2:d8	-53	1.6
1543663581973	30:ae:a4:3b:a2:d8	-52	1.6
1543663588692	30:ae:a4:3b:a2:d8	-53	1.6
1543663588723	30:ae:a4:3b:a2:d8	-53	1.6
1543663595505	30:ae:a4:3b:a2:d8	-54	1.6
1543663595535	30:ae:a4:3b:a2:d8	-54	1.6
1543663602254	30:ae:a4:3b:a2:d8	-52	1.6
1543663602284	30:ae:a4:3b:a2:d8	-52	1.6
1543663609059	30:ae:a4:3b:a2:d8	-54	1.6
1543663609074	30:ae:a4:3b:a2:d8	-55	1.6
1543663615945	30:ae:a4:3b:a2:d8	-53	1.6
1543663787207	30:ae:a4:3b:a2:d8	-59	2
1543663787231	30:ae:a4:3b:a2:d8	-58	2
1543663794299	30:ae:a4:3b:a2:d8	-60	2
1543663794325	30:ae:a4:3b:a2:d8	-59	2
1543663801105	30:ae:a4:3b:a2:d8	-60	2
1543663807770	30:ae:a4:3b:a2:d8	-60	2
1543663807793	30:ae:a4:3b:a2:d8	-61	2
1543663814486	30:ae:a4:3b:a2:d8	-59	2
1543663814508	30:ae:a4:3b:a2:d8	-59	2
1543663849104	30:ae:a4:3b:a2:d8	-61	2
1543663849130	30:ae:a4:3b:a2:d8	-61	2
1543663855940	30:ae:a4:3b:a2:d8	-60	2
1543663855958	30:ae:a4:3b:a2:d8	-61	2
1543663862786	30:ae:a4:3b:a2:d8	-61	2
1543663862817	30:ae:a4:3b:a2:d8	-60	2
1543663869520	30:ae:a4:3b:a2:d8	-60	2
1543663869550	30:ae:a4:3b:a2:d8	-61	2
1543663876379	30:ae:a4:3b:a2:d8	-60	2
1543663876409	30:ae:a4:3b:a2:d8	-60	2
1543663883154	30:ae:a4:3b:a2:d8	-60	2
1543663883184	30:ae:a4:3b:a2:d8	-61	2
1543663890137	30:ae:a4:3b:a2:d8	-61	2
1543663890168	30:ae:a4:3b:a2:d8	-61	2
1543663896965	30:ae:a4:3b:a2:d8	-57	2
1543663896995	30:ae:a4:3b:a2:d8	-58	2
1543663903737	30:ae:a4:3b:a2:d8	-58	2
1543663903745	30:ae:a4:3b:a2:d8	-58	2
1543663910824	30:ae:a4:3b:a2:d8	-63	2
1543663910854	30:ae:a4:3b:a2:d8	-67	2
1543663917557	30:ae:a4:3b:a2:d8	-65	2
1543663917588	30:ae:a4:3b:a2:d8	-64	2
1543663924526	30:ae:a4:3b:a2:d8	-64	2
1543663924556	30:ae:a4:3b:a2:d8	-64	2
1543663931319	30:ae:a4:3b:a2:d8	-65	2
1543663931349	30:ae:a4:3b:a2:d8	-65	2
1543663938162	30:ae:a4:3b:a2:d8	-67	2
1543663938192	30:ae:a4:3b:a2:d8	-67	2
1543663944943	30:ae:a4:3b:a2:d8	-66	2
1543663944973	30:ae:a4:3b:a2:d8	-66	2
1543663951725	30:ae:a4:3b:a2:d8	-64	2
1543663951754	30:ae:a4:3b:a2:d8	-64	2
1543663958442	30:ae:a4:3b:a2:d8	-64	2
1543663958472	30:ae:a4:3b:a2:d8	-64	2
1543663965348	30:ae:a4:3b:a2:d8	-66	2
1543663965378	30:ae:a4:3b:a2:d8	-65	2
1543663979159	30:ae:a4:3b:a2:d8	-67	2
1543663979189	30:ae:a4:3b:a2:d8	-67	2
1543663979455	30:ae:a4:3b:a2:d8	-67	2
1543663986159	30:ae:a4:3b:a2:d8	-66	2
1543663986189	30:ae:a4:3b:a2:d8	-66	2
1543663986422	30:ae:a4:3b:a2:d8	-67	2
1543663993066	30:ae:a4:3b:a2:d8	-69	2
1543663993095	30:ae:a4:3b:a2:d8	-70	2
1543663993256	30:ae:a4:3b:a2:d8	-71	2
1543663999908	30:ae:a4:3b:a2:d8	-68	2
1543663999938	30:ae:a4:3b:a2:d8	-67	2
1543664000101	30:ae:a4:3b:a2:d8	-67	2
1543664006626	30:ae:a4:3b:a2:d8	-68	2
1543664006656	30:ae:a4:3b:a2:d8	-68	2
1543664006940	30:ae:a4:3b:a2:d8	-67	2
1543664013485	30:ae:a4:3b:a2:d8	-68	2
1543664013515	30:ae:a4:3b:a2:d8	-67	2
1543664013659	30:ae:a4:3b:a2:d8	-69	2
1543664020469	30:ae:a4:3b:a2:d8	-67	2
1543664020499	30:ae:a4:3b:a2:d8	-68	2
1543664021007	30:ae:a4:3b:a2:d8	-67	2
1543664027718	30:ae:a4:3b:a2:d8	-66	2
1543664027748	30:ae:a4:3b:a2:d8	-67	2
1543664028078	30:ae:a4:3b:a2:d8	-67	2
1543664041530	30:ae:a4:3b:a2:d8	-67	2
1543664041560	30:ae:a4:3b:a2:d8	-67	2
1543664048451	30:ae:a4:3b:a2:d8	-66	2
1543664048481	30:ae:a4:3b:a2:d8	-66	2
1543664055279	30:ae:a4:3b:a2:d8	-66	2
1543664055309	30:ae:a4:3b:a2:d8	-66	2
1543664062091	30:ae:a4:3b:a2:d8	-68	2
1543664062121	30:ae:a4:3b:a2:d8	-66	2
1543664069012	30:ae:a4:3b:a2:d8	-68	2
1543664069042	30:ae:a4:3b:a2:d8	-67	2
1543664075777	30:ae:a4:3b:a2:d8	-62	2
1543664075807	30:ae:a4:3b:a2:d8	-62	2
1543664082652	30:ae:a4:3b:a2:d8	-67	2
1543664082682	30:ae:a4:3b:a2:d8	-67	2
1543664089448	30:ae:a4:3b:a2:d8	-67	2
1543664089481	30:ae:a4:3b:a2:d8	-67	2
1543664096573	30:ae:a4:3b:a2:d8	-67	2
1543664096603	30:ae:a4:3b:a2:d8	-68	2
1543664103384	30:ae:a4:3b:a2:d8	-62	2
1543664110275	30:ae:a4:3b:a2:d8	-63	2
1543664110305	30:ae:a4:3b:a2:d8	-63	2
1543664117180	30:ae:a4:3b:a2:d8	-62	2
1543664117211	30:ae:a4:3b:a2:d8	-62	2
1543664124086	30:ae:a4:3b:a2:d8	-64	2
1543664124117	30:ae:a4:3b:a2:d8	-64	2
1543664130914	30:ae:a4:3b:a2:d8	-63	2
1543664130944	30:ae:a4:3b:a2:d8	-62	2
1543664137820	30:ae:a4:3b:a2:d8	-61	2
1543664137850	30:ae:a4:3b:a2:d8	-62	2
1543664144725	30:ae:a4:3b:a2:d8	-62	2
1543664172193	30:ae:a4:3b:a2:d8	-59	2
1543664172223	30:ae:a4:3b:a2:d8	-59	2
1543664178924	30:ae:a4:3b:a2:d8	-61	2
1543664178954	30:ae:a4:3b:a2:d8	-61	2
1543664185860	30:ae:a4:3b:a2:d8	-59	2
1543664185891	30:ae:a4:3b:a2:d8	-59	2
1543664192813	30:ae:a4:3b:a2:d8	-60	2
1543664192843	30:ae:a4:3b:a2:d8	-60	2
1543664199625	30:ae:a4:3b:a2:d8	-61	2
1543664199655	30:ae:a4:3b:a2:d8	-61	2
1543664206468	30:ae:a4:3b:a2:d8	-61	2
1543664206499	30:ae:a4:3b:a2:d8	-61	2
1543664213234	30:ae:a4:3b:a2:d8	-61	2
1543664213264	30:ae:a4:3b:a2:d8	-61	2
1543664220108	30:ae:a4:3b:a2:d8	-60	2
1543664220138	30:ae:a4:3b:a2:d8	-60	2
1543664226838	30:ae:a4:3b:a2:d8	-60	2
1543664226869	30:ae:a4:3b:a2:d8	-60	2
1543664240681	30:ae:a4:3b:a2:d8	-59	2
1543664240711	30:ae:a4:3b:a2:d8	-59	2
1543664247540	30:ae:a4:3b:a2:d8	-59	2
1543664247570	30:ae:a4:3b:a2:d8	-59	2
1543664254555	30:ae:a4:3b:a2:d8	-61	2
1543664254585	30:ae:a4:3b:a2:d8	-60	2
1543664261411	30:ae:a4:3b:a2:d8	-60	2
1543664268192	30:ae:a4:3b:a2:d8	-60	2
1543664268222	30:ae:a4:3b:a2:d8	-60	2
1543664302267	30:ae:a4:3b:a2:d8	-60	2
1543664302298	30:ae:a4:3b:a2:d8	-60	2
1543664343414	30:ae:a4:3b:a2:d8	-59	2
1543664343444	30:ae:a4:3b:a2:d8	-59	2
1543664350366	30:ae:a4:3b:a2:d8	-60	2
1543664350397	30:ae:a4:3b:a2:d8	-60	2
1543664377798	30:ae:a4:3b:a2:d8	-59	2
1543664377829	30:ae:a4:3b:a2:d8	-59	2
1543664405422	30:ae:a4:3b:a2:d8	-60	2
1543664425883	30:ae:a4:3b:a2:d8	-57	2
1543664425914	30:ae:a4:3b:a2:d8	-57	2
1543664432945	30:ae:a4:3b:a2:d8	-58	2
1543664432975	30:ae:a4:3b:a2:d8	-57	2
1543664439772	30:ae:a4:3b:a2:d8	-59	2
1543664439803	30:ae:a4:3b:a2:d8	-57	2
1543664446600	30:ae:a4:3b:a2:d8	-57	2
1543664446630	30:ae:a4:3b:a2:d8	-58	2
1543664453490	30:ae:a4:3b:a2:d8	-57	2
1543664453521	30:ae:a4:3b:a2:d8	-57	2
1543664460302	30:ae:a4:3b:a2:d8	-57	2
1543664460332	30:ae:a4:3b:a2:d8	-57	2
1543664467158	30:ae:a4:3b:a2:d8	-57	2
1543664467193	30:ae:a4:3b:a2:d8	-57	2
1543664473970	30:ae:a4:3b:a2:d8	-58	2
1543664474001	30:ae:a4:3b:a2:d8	-58	2
1543664624805	30:ae:a4:3b:a2:d8	-59	2.8
1543664624829	30:ae:a4:3b:a2:d8	-59	2.8
1543664631570	30:ae:a4:3b:a2:d8	-62	2.8
1543664631595	30:ae:a4:3b:a2:d8	-61	2.8
1543664638349	30:ae:a4:3b:a2:d8	-60	2.8
1543664638372	30:ae:a4:3b:a2:d8	-60	2.8
1543664645142	30:ae:a4:3b:a2:d8	-61	2.8
1543664645168	30:ae:a4:3b:a2:d8	-61	2.8
1543664651910	30:ae:a4:3b:a2:d8	-60	2.8
1543664651934	30:ae:a4:3b:a2:d8	-60	2.8
1543664658847	30:ae:a4:3b:a2:d8	-60	2.8
1543664658876	30:ae:a4:3b:a2:d8	-60	2.8
1543664665739	30:ae:a4:3b:a2:d8	-63	2.8
1543664665763	30:ae:a4:3b:a2:d8	-62	2.8
1543664672880	30:ae:a4:3b:a2:d8	-61	2.8
1543664672903	30:ae:a4:3b:a2:d8	-61	2.8
1543664679674	30:ae:a4:3b:a2:d8	-61	2.8
1543664679702	30:ae:a4:3b:a2:d8	-61	2.8
1543664686887	30:ae:a4:3b:a2:d8	-57	2.8
1543664686918	30:ae:a4:3b:a2:d8	-57	2.8
1543664693808	30:ae:a4:3b:a2:d8	-57	2.8
1543664700496	30:ae:a4:3b:a2:d8	-57	2.8
1543664700526	30:ae:a4:3b:a2:d8	-57	2.8
1543664707464	30:ae:a4:3b:a2:d8	-58	2.8
1543664707494	30:ae:a4:3b:a2:d8	-57	2.8
1543664714386	30:ae:a4:3b:a2:d8	-57	2.8
1543664714416	30:ae:a4:3b:a2:d8	-57	2.8
1543664721420	30:ae:a4:3b:a2:d8	-57	2.8
1543664721431	30:ae:a4:3b:a2:d8	-57	2.8
1543664728338	30:ae:a4:3b:a2:d8	-58	2.8
1543664728368	30:ae:a4:3b:a2:d8	-57	2.8
1543664735149	30:ae:a4:3b:a2:d8	-58	2.8
1543664735180	30:ae:a4:3b:a2:d8	-59	2.8
1543664742008	30:ae:a4:3b:a2:d8	-57	2.8
1543664742040	30:ae:a4:3b:a2:d8	-58	2.8
1543664749177	30:ae:a4:3b:a2:d8	-54	2.8
1543664749207	30:ae:a4:3b:a2:d8	-57	2.8
1543664755973	30:ae:a4:3b:a2:d8	-56	2.8
1543664756003	30:ae:a4:3b:a2:d8	-57	2.8
1543664762797	30:ae:a4:3b:a2:d8	-57	2.8
1543664762828	30:ae:a4:3b:a2:d8	-56	2.8
1543664769656	30:ae:a4:3b:a2:d8	-53	2.8
1543664769686	30:ae:a4:3b:a2:d8	-54	2.8
1543664776562	30:ae:a4:3b:a2:d8	-57	2.8
1543664776592	30:ae:a4:3b:a2:d8	-57	2.8
1543664783343	30:ae:a4:3b:a2:d8	-58	2.8
1543664783373	30:ae:a4:3b:a2:d8	-58	2.8
1543664790139	30:ae:a4:3b:a2:d8	-60	2.8
1543664790169	30:ae:a4:3b:a2:d8	-59	2.8
1543664797029	30:ae:a4:3b:a2:d8	-58	2.8
1543664797059	30:ae:a4:3b:a2:d8	-58	2.8
1543664803732	30:ae:a4:3b:a2:d8	-58	2.8
1543664803762	30:ae:a4:3b:a2:d8	-58	2.8
1543664810714	30:ae:a4:3b:a2:d8	-60	2.8
1543664817246	30:ae:a4:3b:a2:d8	-59	2.8
1543664817277	30:ae:a4:3b:a2:d8	-59	2.8
1543664817496	30:ae:a4:3b:a2:d8	-59	2.8
1543664824058	30:ae:a4:3b:a2:d8	-60	2.8
1543664824089	30:ae:a4:3b:a2:d8	-60	2.8
1543664824309	30:ae:a4:3b:a2:d8	-61	2.8
1543664830891	30:ae:a4:3b:a2:d8	-60	2.8
1543664830921	30:ae:a4:3b:a2:d8	-59	2.8
1543664831120	30:ae:a4:3b:a2:d8	-60	2.8
1543664837640	30:ae:a4:3b:a2:d8	-59	2.8
1543664837670	30:ae:a4:3b:a2:d8	-59	2.8
1543664837907	30:ae:a4:3b:a2:d8	-59	2.8
1543664837912	30:ae:a4:3b:a2:d8	-59	2.8
1543664844421	30:ae:a4:3b:a2:d8	-58	2.8
1543664844453	30:ae:a4:3b:a2:d8	-59	2.8
1543664844605	30:ae:a4:3b:a2:d8	-61	2.8
1543664844611	30:ae:a4:3b:a2:d8	-61	2.8
1543664851217	30:ae:a4:3b:a2:d8	-59	2.8
1543664851248	30:ae:a4:3b:a2:d8	-58	2.8
1543664851641	30:ae:a4:3b:a2:d8	-59	2.8
1543664851647	30:ae:a4:3b:a2:d8	-58	2.8
1543664851663	30:ae:a4:3b:a2:d8	-58	2.8
1543664851679	30:ae:a4:3b:a2:d8	-59	2.8
1543664858404	30:ae:a4:3b:a2:d8	-58	2.8
1543664858434	30:ae:a4:3b:a2:d8	-58	2.8
1543664858636	30:ae:a4:3b:a2:d8	-58	2.8
1543664865216	30:ae:a4:3b:a2:d8	-58	2.8
1543664865247	30:ae:a4:3b:a2:d8	-58	2.8
1543664865425	30:ae:a4:3b:a2:d8	-58	2.8
1543664878775	30:ae:a4:3b:a2:d8	-62	2.8
1543664878805	30:ae:a4:3b:a2:d8	-62	2.8
1543664885885	30:ae:a4:3b:a2:d8	-62	2.8
1543664885915	30:ae:a4:3b:a2:d8	-62	2.8
1543664892635	30:ae:a4:3b:a2:d8	-64	2.8
1543664892664	30:ae:a4:3b:a2:d8	-63	2.8
1543664899678	30:ae:a4:3b:a2:d8	-62	2.8
1543664899713	30:ae:a4:3b:a2:d8	-62	2.8
1543664906599	30:ae:a4:3b:a2:d8	-62	2.8
1543664906629	30:ae:a4:3b:a2:d8	-61	2.8
1543664913412	30:ae:a4:3b:a2:d8	-62	2.8
1543664913441	30:ae:a4:3b:a2:d8	-62	2.8
1543664920286	30:ae:a4:3b:a2:d8	-66	2.8
1543664920315	30:ae:a4:3b:a2:d8	-65	2.8
1543664927129	30:ae:a4:3b:a2:d8	-64	2.8
1543664927159	30:ae:a4:3b:a2:d8	-63	2.8
1543664940578	30:ae:a4:3b:a2:d8	-73	2.8
1543664940608	30:ae:a4:3b:a2:d8	-76	2.8
1543664946438	30:ae:a4:3b:a2:d8	-68	2.8
1543664946467	30:ae:a4:3b:a2:d8	-68	2.8
1543664947421	30:ae:a4:3b:a2:d8	-68	2.8
1543664947454	30:ae:a4:3b:a2:d8	-68	2.8
1543664947546	30:ae:a4:3b:a2:d8	-68	2.8
1543664950644	30:ae:a4:3b:a2:d8	-68	2.8
1543664950673	30:ae:a4:3b:a2:d8	-67	2.8
1543664954233	30:ae:a4:3b:a2:d8	-71	2.8
1543664960998	30:ae:a4:3b:a2:d8	-74	2.8
1543664961028	30:ae:a4:3b:a2:d8	-74	2.8
1543664967779	30:ae:a4:3b:a2:d8	-73	2.8
1543664967809	30:ae:a4:3b:a2:d8	-71	2.8
1543664974669	30:ae:a4:3b:a2:d8	-70	2.8
1543664981403	30:ae:a4:3b:a2:d8	-71	2.8
1543664988152	30:ae:a4:3b:a2:d8	-70	2.8
1543664988183	30:ae:a4:3b:a2:d8	-71	2.8
1543664995058	30:ae:a4:3b:a2:d8	-72	2.8
1543665002042	30:ae:a4:3b:a2:d8	-75	2.8
1543665002072	30:ae:a4:3b:a2:d8	-75	2.8
1543665008960	30:ae:a4:3b:a2:d8	-76	2.8
1543665008990	30:ae:a4:3b:a2:d8	-73	2.8
1543665015847	30:ae:a4:3b:a2:d8	-81	2.8
1543665015877	30:ae:a4:3b:a2:d8	-80	2.8
1543665022734	30:ae:a4:3b:a2:d8	-77	2.8
1543665022764	30:ae:a4:3b:a2:d8	-79	2.8
1543665029608	30:ae:a4:3b:a2:d8	-76	2.8
1543665029638	30:ae:a4:3b:a2:d8	-76	2.8
1543665036655	30:ae:a4:3b:a2:d8	-76	2.8
1543665036685	30:ae:a4:3b:a2:d8	-76	2.8
1543665043670	30:ae:a4:3b:a2:d8	-78	2.8
1543665043700	30:ae:a4:3b:a2:d8	-78	2.8
1543665050450	30:ae:a4:3b:a2:d8	-79	2.8
1543665050481	30:ae:a4:3b:a2:d8	-79	2.8
1543665057340	30:ae:a4:3b:a2:d8	-72	2.8
1543665057371	30:ae:a4:3b:a2:d8	-72	2.8
1543665071340	30:ae:a4:3b:a2:d8	-76	2.8
1543665071370	30:ae:a4:3b:a2:d8	-76	2.8
1543665078192	30:ae:a4:3b:a2:d8	-80	2.8
1543665078222	30:ae:a4:3b:a2:d8	-80	2.8
1543665091816	30:ae:a4:3b:a2:d8	-78	2.8
1543665091846	30:ae:a4:3b:a2:d8	-79	2.8
1543665098815	30:ae:a4:3b:a2:d8	-77	2.8
1543665098846	30:ae:a4:3b:a2:d8	-77	2.8
1543665112845	30:ae:a4:3b:a2:d8	-77	2.8
1543665119607	30:ae:a4:3b:a2:d8	-77	2.8
1543665119637	30:ae:a4:3b:a2:d8	-77	2.8
1543665133294	30:ae:a4:3b:a2:d8	-76	2.8
1543665133324	30:ae:a4:3b:a2:d8	-76	2.8
1543665153957	30:ae:a4:3b:a2:d8	-76	2.8
1543665153988	30:ae:a4:3b:a2:d8	-76	2.8
1543665174659	30:ae:a4:3b:a2:d8	-76	2.8
1543665181527	30:ae:a4:3b:a2:d8	-76	2.8
1543665209181	30:ae:a4:3b:a2:d8	-68	2.8
1543665209211	30:ae:a4:3b:a2:d8	-68	2.8
1543665236707	30:ae:a4:3b:a2:d8	-68	2.8
1543665236738	30:ae:a4:3b:a2:d8	-68	2.8
1543665256721	30:ae:a4:3b:a2:d8	-63	2.8
1543665256751	30:ae:a4:3b:a2:d8	-63	2.8
1543665263643	30:ae:a4:3b:a2:d8	-63	2.8
1543665263673	30:ae:a4:3b:a2:d8	-63	2.8
1543665270736	30:ae:a4:3b:a2:d8	-63	2.8
1543665270766	30:ae:a4:3b:a2:d8	-63	2.8
1543665277657	30:ae:a4:3b:a2:d8	-63	2.8
1543665277687	30:ae:a4:3b:a2:d8	-63	2.8
1543665284313	30:ae:a4:3b:a2:d8	-63	2.8
1543665284343	30:ae:a4:3b:a2:d8	-63	2.8
1543665291287	30:ae:a4:3b:a2:d8	-63	2.8
1543665291317	30:ae:a4:3b:a2:d8	-63	2.8
1543665298755	30:ae:a4:3b:a2:d8	-63	2.8
1543665298785	30:ae:a4:3b:a2:d8	-63	2.8
1543665305754	30:ae:a4:3b:a2:d8	-63	2.8
1543665305785	30:ae:a4:3b:a2:d8	-63	2.8
1543665312519	30:ae:a4:3b:a2:d8	-63	2.8
1543665312550	30:ae:a4:3b:a2:d8	-63	2.8
1543665367986	30:ae:a4:3b:a2:d8	-60	2.8
1543665368016	30:ae:a4:3b:a2:d8	-60	2.8
1543665381438	30:ae:a4:3b:a2:d8	-60	2.8
1543665381470	30:ae:a4:3b:a2:d8	-60	2.8
1543665388235	30:ae:a4:3b:a2:d8	-61	2.8
1543665388265	30:ae:a4:3b:a2:d8	-61	2.8
1543665395090	30:ae:a4:3b:a2:d8	-61	2.8
1543665395121	30:ae:a4:3b:a2:d8	-61	2.8
1543665402021	30:ae:a4:3b:a2:d8	-61	2.8
1543665402053	30:ae:a4:3b:a2:d8	-61	2.8
1543665409207	30:ae:a4:3b:a2:d8	-61	2.8
1543665409238	30:ae:a4:3b:a2:d8	-61	2.8
1543665415984	30:ae:a4:3b:a2:d8	-61	2.8
1543665416000	30:ae:a4:3b:a2:d8	-61	2.8
1543665423000	30:ae:a4:3b:a2:d8	-61	2.8
1543665423031	30:ae:a4:3b:a2:d8	-61	2.8
1543665429887	30:ae:a4:3b:a2:d8	-61	2.8
1543665429917	30:ae:a4:3b:a2:d8	-61	2.8
1543665436718	30:ae:a4:3b:a2:d8	-61	2.8
1543665436751	30:ae:a4:3b:a2:d8	-61	2.8
1543665443308	30:ae:a4:3b:a2:d8	-61	2.8
1543665443328	30:ae:a4:3b:a2:d8	-60	2.8
1543665450222	30:ae:a4:3b:a2:d8	-60	2.8
1543665450248	30:ae:a4:3b:a2:d8	-60	2.8
1543665457096	30:ae:a4:3b:a2:d8	-60	2.8
1543665457125	30:ae:a4:3b:a2:d8	-60	2.8
1543665464086	30:ae:a4:3b:a2:d8	-60	2.8
1543665464103	30:ae:a4:3b:a2:d8	-60	2.8
1543665471016	30:ae:a4:3b:a2:d8	-61	2.8
1543665471040	30:ae:a4:3b:a2:d8	-60	2.8
1543665477811	30:ae:a4:3b:a2:d8	-60	2.8
1543665477836	30:ae:a4:3b:a2:d8	-60	2.8
1543665484633	30:ae:a4:3b:a2:d8	-61	2.8
1543665484669	30:ae:a4:3b:a2:d8	-60	2.8
1543665491468	30:ae:a4:3b:a2:d8	-61	2.8
1543665491491	30:ae:a4:3b:a2:d8	-60	2.8
1543665498485	30:ae:a4:3b:a2:d8	-60	2.8
1543665498507	30:ae:a4:3b:a2:d8	-60	2.8
1543665505772	30:ae:a4:3b:a2:d8	-56	2.8
1543665505805	30:ae:a4:3b:a2:d8	-56	2.8
1543665512600	30:ae:a4:3b:a2:d8	-56	2.8
1543665512630	30:ae:a4:3b:a2:d8	-57	2.8
1543665519526	30:ae:a4:3b:a2:d8	-56	2.8
1543665519557	30:ae:a4:3b:a2:d8	-56	2.8
1543665519588	30:ae:a4:3b:a2:d8	-68	2.8
1543665526338	30:ae:a4:3b:a2:d8	-56	2.8
1543665526368	30:ae:a4:3b:a2:d8	-57	2.8
1543665533087	30:ae:a4:3b:a2:d8	-56	2.8
1543665533118	30:ae:a4:3b:a2:d8	-56	2.8
1543665539931	30:ae:a4:3b:a2:d8	-56	2.8
1543665539961	30:ae:a4:3b:a2:d8	-56	2.8
1543665546685	30:ae:a4:3b:a2:d8	-53	2.8
1543665546715	30:ae:a4:3b:a2:d8	-52	2.8
1543665553497	30:ae:a4:3b:a2:d8	-57	2.8
1543665553528	30:ae:a4:3b:a2:d8	-57	2.8
1543665560418	30:ae:a4:3b:a2:d8	-57	2.8
1543665560448	30:ae:a4:3b:a2:d8	-58	2.8
1543665738674	30:ae:a4:3b:a2:d8	-79	3.9
1543665738693	30:ae:a4:3b:a2:d8	-79	3.9
1543665745482	30:ae:a4:3b:a2:d8	-77	3.9
1543665745506	30:ae:a4:3b:a2:d8	-77	3.9
1543665752519	30:ae:a4:3b:a2:d8	-72	3.9
1543665752536	30:ae:a4:3b:a2:d8	-71	3.9
1543665759262	30:ae:a4:3b:a2:d8	-72	3.9
1543665759285	30:ae:a4:3b:a2:d8	-72	3.9
1543665766345	30:ae:a4:3b:a2:d8	-72	3.9
1543665766366	30:ae:a4:3b:a2:d8	-73	3.9
1543665773247	30:ae:a4:3b:a2:d8	-73	3.9
1543665773269	30:ae:a4:3b:a2:d8	-73	3.9
1543665779978	30:ae:a4:3b:a2:d8	-73	3.9
1543665780006	30:ae:a4:3b:a2:d8	-73	3.9
1543665786809	30:ae:a4:3b:a2:d8	-74	3.9
1543665786830	30:ae:a4:3b:a2:d8	-74	3.9
1543665793522	30:ae:a4:3b:a2:d8	-72	3.9
1543665793549	30:ae:a4:3b:a2:d8	-71	3.9
1543665800815	30:ae:a4:3b:a2:d8	-66	3.9
1543665800845	30:ae:a4:3b:a2:d8	-66	3.9
1543665807744	30:ae:a4:3b:a2:d8	-65	3.9
1543665807775	30:ae:a4:3b:a2:d8	-65	3.9
1543665814619	30:ae:a4:3b:a2:d8	-66	3.9
1543665814649	30:ae:a4:3b:a2:d8	-66	3.9
1543665814806	30:ae:a4:3b:a2:d8	-71	3.9
1543665821446	30:ae:a4:3b:a2:d8	-66	3.9
1543665821477	30:ae:a4:3b:a2:d8	-66	3.9
1543665827891	30:ae:a4:3b:a2:d8	-71	3.9
1543665828196	30:ae:a4:3b:a2:d8	-66	3.9
1543665828226	30:ae:a4:3b:a2:d8	-66	3.9
1543665835227	30:ae:a4:3b:a2:d8	-66	3.9
1543665835257	30:ae:a4:3b:a2:d8	-66	3.9
1543665841992	30:ae:a4:3b:a2:d8	-66	3.9
1543665842022	30:ae:a4:3b:a2:d8	-67	3.9
1543665848915	30:ae:a4:3b:a2:d8	-66	3.9
1543665848945	30:ae:a4:3b:a2:d8	-67	3.9
1543665855774	30:ae:a4:3b:a2:d8	-66	3.9
1543665855804	30:ae:a4:3b:a2:d8	-66	3.9
1543665869305	30:ae:a4:3b:a2:d8	-64	3.9
1543665869335	30:ae:a4:3b:a2:d8	-64	3.9
1543665876228	30:ae:a4:3b:a2:d8	-64	3.9
1543665876279	30:ae:a4:3b:a2:d8	-64	3.9
1543665883055	30:ae:a4:3b:a2:d8	-64	3.9
1543665883085	30:ae:a4:3b:a2:d8	-65	3.9
1543665889945	30:ae:a4:3b:a2:d8	-64	3.9
1543665889976	30:ae:a4:3b:a2:d8	-64	3.9
1543665897070	30:ae:a4:3b:a2:d8	-65	3.9
1543665897100	30:ae:a4:3b:a2:d8	-65	3.9
1543665904382	30:ae:a4:3b:a2:d8	-66	3.9
1543665904412	30:ae:a4:3b:a2:d8	-66	3.9
1543665911131	30:ae:a4:3b:a2:d8	-66	3.9
1543665911162	30:ae:a4:3b:a2:d8	-66	3.9
1543665918068	30:ae:a4:3b:a2:d8	-63	3.9
1543665918099	30:ae:a4:3b:a2:d8	-63	3.9
1543665925609	30:ae:a4:3b:a2:d8	-65	3.9
1543665932209	30:ae:a4:3b:a2:d8	-65	3.9
1543665932238	30:ae:a4:3b:a2:d8	-65	3.9
1543665932502	30:ae:a4:3b:a2:d8	-66	3.9
1543665939095	30:ae:a4:3b:a2:d8	-65	3.9
1543665939125	30:ae:a4:3b:a2:d8	-65	3.9
1543665939345	30:ae:a4:3b:a2:d8	-65	3.9
1543665946063	30:ae:a4:3b:a2:d8	-64	3.9
1543665946093	30:ae:a4:3b:a2:d8	-65	3.9
1543665946359	30:ae:a4:3b:a2:d8	-65	3.9
1543665952997	30:ae:a4:3b:a2:d8	-65	3.9
1543665953027	30:ae:a4:3b:a2:d8	-65	3.9
1543665953255	30:ae:a4:3b:a2:d8	-65	3.9
1543665959840	30:ae:a4:3b:a2:d8	-64	3.9
1543665959872	30:ae:a4:3b:a2:d8	-65	3.9
1543665960048	30:ae:a4:3b:a2:d8	-65	3.9
1543665966589	30:ae:a4:3b:a2:d8	-65	3.9
1543665966620	30:ae:a4:3b:a2:d8	-66	3.9
1543665967025	30:ae:a4:3b:a2:d8	-67	3.9
1543665973604	30:ae:a4:3b:a2:d8	-66	3.9
1543665973635	30:ae:a4:3b:a2:d8	-66	3.9
1543665973885	30:ae:a4:3b:a2:d8	-66	3.9
1543665980526	30:ae:a4:3b:a2:d8	-66	3.9
1543665980556	30:ae:a4:3b:a2:d8	-66	3.9
1543665980718	30:ae:a4:3b:a2:d8	-67	3.9
1543665980724	30:ae:a4:3b:a2:d8	-66	3.9
1543665980740	30:ae:a4:3b:a2:d8	-66	3.9
1543665987447	30:ae:a4:3b:a2:d8	-68	3.9
1543665987478	30:ae:a4:3b:a2:d8	-68	3.9
1543665994275	30:ae:a4:3b:a2:d8	-67	3.9
1543665994305	30:ae:a4:3b:a2:d8	-67	3.9
1543666001352	30:ae:a4:3b:a2:d8	-68	3.9
1543666001383	30:ae:a4:3b:a2:d8	-68	3.9
1543666008165	30:ae:a4:3b:a2:d8	-67	3.9
1543666008195	30:ae:a4:3b:a2:d8	-67	3.9
1543666015164	30:ae:a4:3b:a2:d8	-67	3.9
1543666015194	30:ae:a4:3b:a2:d8	-69	3.9
1543666022273	30:ae:a4:3b:a2:d8	-67	3.9
1543666022303	30:ae:a4:3b:a2:d8	-67	3.9
1543666029062	30:ae:a4:3b:a2:d8	-68	3.9
1543666029093	30:ae:a4:3b:a2:d8	-68	3.9
1543666036078	30:ae:a4:3b:a2:d8	-67	3.9
1543666036109	30:ae:a4:3b:a2:d8	-67	3.9
1543666042868	30:ae:a4:3b:a2:d8	-67	3.9
1543666042898	30:ae:a4:3b:a2:d8	-67	3.9
1543666056063	30:ae:a4:3b:a2:d8	-68	3.9
1543666062922	30:ae:a4:3b:a2:d8	-68	3.9
1543666062952	30:ae:a4:3b:a2:d8	-68	3.9
1543666069750	30:ae:a4:3b:a2:d8	-70	3.9
1543666069780	30:ae:a4:3b:a2:d8	-70	3.9
1543666076687	30:ae:a4:3b:a2:d8	-69	3.9
1543666076717	30:ae:a4:3b:a2:d8	-68	3.9
1543666083639	30:ae:a4:3b:a2:d8	-68	3.9
1543666083670	30:ae:a4:3b:a2:d8	-69	3.9
1543666090436	30:ae:a4:3b:a2:d8	-68	3.9
1543666090466	30:ae:a4:3b:a2:d8	-69	3.9
1543666097529	30:ae:a4:3b:a2:d8	-69	3.9
1543666097559	30:ae:a4:3b:a2:d8	-68	3.9
1543666104560	30:ae:a4:3b:a2:d8	-70	3.9
1543666104590	30:ae:a4:3b:a2:d8	-71	3.9
1543666118449	30:ae:a4:3b:a2:d8	-74	3.9
1543666125247	30:ae:a4:3b:a2:d8	-74	3.9
1543666125277	30:ae:a4:3b:a2:d8	-75	3.9
1543666132387	30:ae:a4:3b:a2:d8	-75	3.9
1543666132417	30:ae:a4:3b:a2:d8	-76	3.9
1543666139214	30:ae:a4:3b:a2:d8	-75	3.9
1543666139245	30:ae:a4:3b:a2:d8	-74	3.9
1543666146386	30:ae:a4:3b:a2:d8	-74	3.9
1543666146416	30:ae:a4:3b:a2:d8	-74	3.9
1543666153266	30:ae:a4:3b:a2:d8	-74	3.9
1543666153296	30:ae:a4:3b:a2:d8	-75	3.9
1543666160089	30:ae:a4:3b:a2:d8	-75	3.9
1543666160120	30:ae:a4:3b:a2:d8	-74	3.9
1543666167011	30:ae:a4:3b:a2:d8	-73	3.9
1543666167041	30:ae:a4:3b:a2:d8	-75	3.9
1543666181197	30:ae:a4:3b:a2:d8	-73	3.9
1543666181227	30:ae:a4:3b:a2:d8	-73	3.9
1543666188087	30:ae:a4:3b:a2:d8	-73	3.9
1543666188118	30:ae:a4:3b:a2:d8	-73	3.9
1543666195134	30:ae:a4:3b:a2:d8	-72	3.9
1543666195164	30:ae:a4:3b:a2:d8	-72	3.9
1543666202024	30:ae:a4:3b:a2:d8	-74	3.9
1543666208867	30:ae:a4:3b:a2:d8	-72	3.9
1543666208897	30:ae:a4:3b:a2:d8	-73	3.9
1543666215688	30:ae:a4:3b:a2:d8	-72	3.9
1543666229249	30:ae:a4:3b:a2:d8	-72	3.9
1543666270806	30:ae:a4:3b:a2:d8	-69	3.9
1543666339118	30:ae:a4:3b:a2:d8	-70	3.9
1543666339148	30:ae:a4:3b:a2:d8	-68	3.9
1543666366149	30:ae:a4:3b:a2:d8	-70	3.9
1543666366178	30:ae:a4:3b:a2:d8	-67	3.9
1543666373037	30:ae:a4:3b:a2:d8	-69	3.9
1543666373068	30:ae:a4:3b:a2:d8	-68	3.9
1543666380135	30:ae:a4:3b:a2:d8	-70	3.9
1543666380165	30:ae:a4:3b:a2:d8	-68	3.9
1543666386900	30:ae:a4:3b:a2:d8	-68	3.9
1543666386931	30:ae:a4:3b:a2:d8	-69	3.9
1543666393806	30:ae:a4:3b:a2:d8	-69	3.9
1543666393836	30:ae:a4:3b:a2:d8	-69	3.9
1543666400886	30:ae:a4:3b:a2:d8	-71	3.9
1543666400914	30:ae:a4:3b:a2:d8	-72	3.9
1543666407696	30:ae:a4:3b:a2:d8	-73	3.9
1543666407726	30:ae:a4:3b:a2:d8	-73	3.9
1543666414570	30:ae:a4:3b:a2:d8	-70	3.9
1543666414606	30:ae:a4:3b:a2:d8	-69	3.9
1543666421351	30:ae:a4:3b:a2:d8	-73	3.9
1543666421382	30:ae:a4:3b:a2:d8	-73	3.9
1543666442443	30:ae:a4:3b:a2:d8	-73	3.9
1543666442473	30:ae:a4:3b:a2:d8	-73	3.9
1543666490262	30:ae:a4:3b:a2:d8	-71	3.9
1543666490292	30:ae:a4:3b:a2:d8	-71	3.9
1543666497292	30:ae:a4:3b:a2:d8	-72	3.9
1543666497323	30:ae:a4:3b:a2:d8	-73	3.9
1543666504495	30:ae:a4:3b:a2:d8	-72	3.9
1543666504525	30:ae:a4:3b:a2:d8	-72	3.9
1543666511291	30:ae:a4:3b:a2:d8	-74	3.9
1543666511322	30:ae:a4:3b:a2:d8	-74	3.9
1543666518088	30:ae:a4:3b:a2:d8	-72	3.9
1543666518118	30:ae:a4:3b:a2:d8	-72	3.9
1543666524915	30:ae:a4:3b:a2:d8	-73	3.9
1543666524946	30:ae:a4:3b:a2:d8	-71	3.9
1543666531759	30:ae:a4:3b:a2:d8	-70	3.9
1543666531789	30:ae:a4:3b:a2:d8	-70	3.9
1543666538508	30:ae:a4:3b:a2:d8	-72	3.9
1543666538538	30:ae:a4:3b:a2:d8	-73	3.9
1543666552363	30:ae:a4:3b:a2:d8	-76	3.9
1543666559232	30:ae:a4:3b:a2:d8	-73	3.9
1543666559257	30:ae:a4:3b:a2:d8	-72	3.9
1543666566134	30:ae:a4:3b:a2:d8	-70	3.9
1543666566158	30:ae:a4:3b:a2:d8	-69	3.9
1543666572994	30:ae:a4:3b:a2:d8	-76	3.9
1543666580043	30:ae:a4:3b:a2:d8	-69	3.9
1543666580064	30:ae:a4:3b:a2:d8	-69	3.9
1543666587006	30:ae:a4:3b:a2:d8	-73	3.9
1543666587029	30:ae:a4:3b:a2:d8	-73	3.9
1543666593822	30:ae:a4:3b:a2:d8	-71	3.9
1543666593841	30:ae:a4:3b:a2:d8	-71	3.9
1543666600677	30:ae:a4:3b:a2:d8	-71	3.9
1543666600699	30:ae:a4:3b:a2:d8	-75	3.9
1543666607706	30:ae:a4:3b:a2:d8	-71	3.9
1543666607730	30:ae:a4:3b:a2:d8	-69	3.9
1543666614736	30:ae:a4:3b:a2:d8	-77	3.9
1543666615073	30:ae:a4:3b:a2:d8	-68	3.9
1543666621902	30:ae:a4:3b:a2:d8	-67	3.9
1543666621932	30:ae:a4:3b:a2:d8	-66	3.9
1543666629011	30:ae:a4:3b:a2:d8	-67	3.9
1543666629041	30:ae:a4:3b:a2:d8	-67	3.9
1543666635948	30:ae:a4:3b:a2:d8	-67	3.9
1543666635979	30:ae:a4:3b:a2:d8	-68	3.9
1543666642947	30:ae:a4:3b:a2:d8	-61	3.9
1543666642978	30:ae:a4:3b:a2:d8	-61	3.9
1543666649822	30:ae:a4:3b:a2:d8	-67	3.9
1543666649852	30:ae:a4:3b:a2:d8	-67	3.9
1543666656696	30:ae:a4:3b:a2:d8	-65	3.9
1543666656727	30:ae:a4:3b:a2:d8	-65	3.9
1543666663758	30:ae:a4:3b:a2:d8	-65	3.9
1543666663789	30:ae:a4:3b:a2:d8	-66	3.9
1543666677707	30:ae:a4:3b:a2:d8	-61	3.9
1543666677737	30:ae:a4:3b:a2:d8	-61	3.9
1543666684519	30:ae:a4:3b:a2:d8	-61	3.9
1543666684549	30:ae:a4:3b:a2:d8	-61	3.9
1543666691566	30:ae:a4:3b:a2:d8	-61	3.9
1543666691597	30:ae:a4:3b:a2:d8	-60	3.9
1543666698518	30:ae:a4:3b:a2:d8	-61	3.9
1543666698548	30:ae:a4:3b:a2:d8	-61	3.9
1543666705330	30:ae:a4:3b:a2:d8	-62	3.9
1543666705360	30:ae:a4:3b:a2:d8	-62	3.9
1543666712408	30:ae:a4:3b:a2:d8	-58	3.9
1543666712438	30:ae:a4:3b:a2:d8	-59	3.9
1543666740062	30:ae:a4:3b:a2:d8	-61	3.9
1543666740092	30:ae:a4:3b:a2:d8	-62	3.9
1543666740312	30:ae:a4:3b:a2:d8	-62	3.9
1543666747001	30:ae:a4:3b:a2:d8	-62	3.9
1543666747030	30:ae:a4:3b:a2:d8	-62	3.9
1543666747216	30:ae:a4:3b:a2:d8	-62	3.9
1543666753795	30:ae:a4:3b:a2:d8	-62	3.9
1543666753826	30:ae:a4:3b:a2:d8	-62	3.9
1543666753969	30:ae:a4:3b:a2:d8	-64	3.9
1543666760748	30:ae:a4:3b:a2:d8	-61	3.9
1543666760778	30:ae:a4:3b:a2:d8	-61	3.9
1543666761168	30:ae:a4:3b:a2:d8	-63	3.9
1543666767935	30:ae:a4:3b:a2:d8	-61	3.9
1543666767965	30:ae:a4:3b:a2:d8	-62	3.9
1543666768291	30:ae:a4:3b:a2:d8	-62	3.9
1543666774903	30:ae:a4:3b:a2:d8	-62	3.9
1543666774934	30:ae:a4:3b:a2:d8	-62	3.9
1543666775077	30:ae:a4:3b:a2:d8	-62	3.9
1543666781888	30:ae:a4:3b:a2:d8	-61	3.9
1543666781917	30:ae:a4:3b:a2:d8	-61	3.9
1543666782140	30:ae:a4:3b:a2:d8	-61	3.9
1543666788817	30:ae:a4:3b:a2:d8	-67	3.9
1543666788847	30:ae:a4:3b:a2:d8	-67	3.9
1543666789117	30:ae:a4:3b:a2:d8	-66	3.9
1543666802753	30:ae:a4:3b:a2:d8	-65	3.9
1543666802783	30:ae:a4:3b:a2:d8	-65	3.9
1543666809503	30:ae:a4:3b:a2:d8	-66	3.9
1543666809533	30:ae:a4:3b:a2:d8	-66	3.9
1543666816424	30:ae:a4:3b:a2:d8	-66	3.9
1543666816454	30:ae:a4:3b:a2:d8	-66	3.9
1543666823236	30:ae:a4:3b:a2:d8	-66	3.9
1543666823266	30:ae:a4:3b:a2:d8	-66	3.9
1543666829986	30:ae:a4:3b:a2:d8	-66	3.9
1543666836804	30:ae:a4:3b:a2:d8	-66	3.9
1543666836834	30:ae:a4:3b:a2:d8	-66	3.9
1543666843694	30:ae:a4:3b:a2:d8	-66	3.9
1543666850397	30:ae:a4:3b:a2:d8	-62	3.9
1543666850428	30:ae:a4:3b:a2:d8	-62	3.9
1543666863599	30:ae:a4:3b:a2:d8	-65	3.9
1543666863629	30:ae:a4:3b:a2:d8	-65	3.9
1543666870364	30:ae:a4:3b:a2:d8	-69	3.9
1543666870394	30:ae:a4:3b:a2:d8	-69	3.9
1543666877223	30:ae:a4:3b:a2:d8	-68	3.9
1543666877253	30:ae:a4:3b:a2:d8	-68	3.9
1543666884019	30:ae:a4:3b:a2:d8	-70	3.9
1543666884050	30:ae:a4:3b:a2:d8	-70	3.9
1543666890856	30:ae:a4:3b:a2:d8	-66	3.9
1543666890886	30:ae:a4:3b:a2:d8	-67	3.9
1543666897727	30:ae:a4:3b:a2:d8	-68	3.9
1543666897757	30:ae:a4:3b:a2:d8	-68	3.9
1543666904570	30:ae:a4:3b:a2:d8	-68	3.9
1543666904601	30:ae:a4:3b:a2:d8	-68	3.9
1543666911351	30:ae:a4:3b:a2:d8	-70	3.9
1543666911381	30:ae:a4:3b:a2:d8	-68	3.9
1543666918304	30:ae:a4:3b:a2:d8	-67	3.9
1543666918334	30:ae:a4:3b:a2:d8	-70	3.9
1543667655691	30:ae:a4:3b:a2:d8	-67	6.1
1543667655718	30:ae:a4:3b:a2:d8	-66	6.1
1543667662425	30:ae:a4:3b:a2:d8	-66	6.1
1543667662449	30:ae:a4:3b:a2:d8	-66	6.1
1543667669224	30:ae:a4:3b:a2:d8	-66	6.1
1543667669249	30:ae:a4:3b:a2:d8	-66	6.1
1543667676053	30:ae:a4:3b:a2:d8	-67	6.1
1543667676076	30:ae:a4:3b:a2:d8	-66	6.1
1543667682789	30:ae:a4:3b:a2:d8	-67	6.1
1543667682816	30:ae:a4:3b:a2:d8	-65	6.1
1543667689748	30:ae:a4:3b:a2:d8	-67	6.1
1543667689777	30:ae:a4:3b:a2:d8	-67	6.1
1543667697584	30:ae:a4:3b:a2:d8	-68	6.1
1543667697605	30:ae:a4:3b:a2:d8	-66	6.1
1543667704785	30:ae:a4:3b:a2:d8	-67	6.1
1543667704808	30:ae:a4:3b:a2:d8	-67	6.1
1543667711611	30:ae:a4:3b:a2:d8	-66	6.1
1543667711635	30:ae:a4:3b:a2:d8	-66	6.1
1543667718773	30:ae:a4:3b:a2:d8	-67	6.1
1543667718803	30:ae:a4:3b:a2:d8	-68	6.1
1543667725616	30:ae:a4:3b:a2:d8	-66	6.1
1543667725646	30:ae:a4:3b:a2:d8	-67	6.1
1543667732710	30:ae:a4:3b:a2:d8	-68	6.1
1543667732740	30:ae:a4:3b:a2:d8	-68	6.1
1543667739506	30:ae:a4:3b:a2:d8	-68	6.1
1543667739536	30:ae:a4:3b:a2:d8	-68	6.1
1543667746443	30:ae:a4:3b:a2:d8	-67	6.1
1543667746473	30:ae:a4:3b:a2:d8	-68	6.1
1543667780925	30:ae:a4:3b:a2:d8	-71	6.1
1543667780955	30:ae:a4:3b:a2:d8	-71	6.1
1543667787753	30:ae:a4:3b:a2:d8	-70	6.1
1543667787783	30:ae:a4:3b:a2:d8	-70	6.1
1543667794752	30:ae:a4:3b:a2:d8	-69	6.1
1543667794782	30:ae:a4:3b:a2:d8	-69	6.1
1543667801595	30:ae:a4:3b:a2:d8	-68	6.1
1543667801626	30:ae:a4:3b:a2:d8	-69	6.1
1543667808548	30:ae:a4:3b:a2:d8	-68	6.1
1543667808580	30:ae:a4:3b:a2:d8	-69	6.1
1543667815454	30:ae:a4:3b:a2:d8	-71	6.1
1543667815484	30:ae:a4:3b:a2:d8	-70	6.1
1543667822344	30:ae:a4:3b:a2:d8	-69	6.1
1543667822374	30:ae:a4:3b:a2:d8	-69	6.1
1543667829328	30:ae:a4:3b:a2:d8	-70	6.1
1543667829358	30:ae:a4:3b:a2:d8	-70	6.1
1543667836344	30:ae:a4:3b:a2:d8	-73	6.1
1543667836374	30:ae:a4:3b:a2:d8	-71	6.1
1543667843046	30:ae:a4:3b:a2:d8	-72	6.1
1543667843077	30:ae:a4:3b:a2:d8	-73	6.1
1543667843450	30:ae:a4:3b:a2:d8	-73	6.1
1543667850139	30:ae:a4:3b:a2:d8	-73	6.1
1543667850170	30:ae:a4:3b:a2:d8	-73	6.1
1543667850232	30:ae:a4:3b:a2:d8	-71	6.1
1543667850560	30:ae:a4:3b:a2:d8	-72	6.1
1543667857233	30:ae:a4:3b:a2:d8	-72	6.1
1543667857263	30:ae:a4:3b:a2:d8	-71	6.1
1543667857477	30:ae:a4:3b:a2:d8	-71	6.1
1543667864045	30:ae:a4:3b:a2:d8	-72	6.1
1543667864077	30:ae:a4:3b:a2:d8	-72	6.1
1543667864290	30:ae:a4:3b:a2:d8	-73	6.1
1543667870893	30:ae:a4:3b:a2:d8	-72	6.1
1543667870923	30:ae:a4:3b:a2:d8	-71	6.1
1543667871159	30:ae:a4:3b:a2:d8	-73	6.1
1543667877873	30:ae:a4:3b:a2:d8	-70	6.1
1543667877904	30:ae:a4:3b:a2:d8	-70	6.1
1543667878074	30:ae:a4:3b:a2:d8	-70	6.1
1543667884607	30:ae:a4:3b:a2:d8	-73	6.1
1543667884638	30:ae:a4:3b:a2:d8	-73	6.1
1543667884930	30:ae:a4:3b:a2:d8	-72	6.1
1543667891607	30:ae:a4:3b:a2:d8	-71	6.1
1543667891637	30:ae:a4:3b:a2:d8	-72	6.1
1543667891890	30:ae:a4:3b:a2:d8	-72	6.1
1543667898513	30:ae:a4:3b:a2:d8	-72	6.1
1543667898543	30:ae:a4:3b:a2:d8	-73	6.1
1543667898931	30:ae:a4:3b:a2:d8	-73	6.1
1543667905528	30:ae:a4:3b:a2:d8	-68	6.1
1543667912262	30:ae:a4:3b:a2:d8	-70	6.1
1543667912292	30:ae:a4:3b:a2:d8	-70	6.1
1543667919120	30:ae:a4:3b:a2:d8	-68	6.1
1543667919151	30:ae:a4:3b:a2:d8	-69	6.1
1543667926323	30:ae:a4:3b:a2:d8	-69	6.1
1543667933166	30:ae:a4:3b:a2:d8	-70	6.1
1543667933197	30:ae:a4:3b:a2:d8	-71	6.1
1543667940478	30:ae:a4:3b:a2:d8	-67	6.1
1543667947181	30:ae:a4:3b:a2:d8	-68	6.1
1543667947211	30:ae:a4:3b:a2:d8	-68	6.1
1543667954040	30:ae:a4:3b:a2:d8	-67	6.1
1543667954070	30:ae:a4:3b:a2:d8	-67	6.1
1543667960820	30:ae:a4:3b:a2:d8	-68	6.1
1543667960851	30:ae:a4:3b:a2:d8	-68	6.1
1543667967301	30:ae:a4:3b:a2:d8	-67	6.1
1543667967331	30:ae:a4:3b:a2:d8	-67	6.1
1543667974113	30:ae:a4:3b:a2:d8	-67	6.1
1543667974143	30:ae:a4:3b:a2:d8	-68	6.1
1543667980878	30:ae:a4:3b:a2:d8	-67	6.1
1543667987737	30:ae:a4:3b:a2:d8	-67	6.1
1543667987767	30:ae:a4:3b:a2:d8	-67	6.1
1543667994908	30:ae:a4:3b:a2:d8	-67	6.1
1543667994939	30:ae:a4:3b:a2:d8	-67	6.1
1543668001814	30:ae:a4:3b:a2:d8	-67	6.1
1543668036343	30:ae:a4:3b:a2:d8	-67	6.1
1543668036373	30:ae:a4:3b:a2:d8	-67	6.1
1543668043186	30:ae:a4:3b:a2:d8	-67	6.1
1543668043216	30:ae:a4:3b:a2:d8	-68	6.1
1543668050014	30:ae:a4:3b:a2:d8	-67	6.1
1543668050044	30:ae:a4:3b:a2:d8	-67	6.1
1543668057045	30:ae:a4:3b:a2:d8	-67	6.1
1543668057069	30:ae:a4:3b:a2:d8	-67	6.1
1543668064022	30:ae:a4:3b:a2:d8	-67	6.1
1543668064052	30:ae:a4:3b:a2:d8	-67	6.1
1543668070865	30:ae:a4:3b:a2:d8	-67	6.1
1543668070895	30:ae:a4:3b:a2:d8	-67	6.1
1543668077880	30:ae:a4:3b:a2:d8	-69	6.1
1543668077910	30:ae:a4:3b:a2:d8	-69	6.1
1543668084864	30:ae:a4:3b:a2:d8	-67	6.1
1543668084894	30:ae:a4:3b:a2:d8	-67	6.1
1543668098691	30:ae:a4:3b:a2:d8	-69	6.1
1543668098721	30:ae:a4:3b:a2:d8	-68	6.1
1543668105484	30:ae:a4:3b:a2:d8	-70	6.1
1543668105514	30:ae:a4:3b:a2:d8	-61	6.1
1543668112438	30:ae:a4:3b:a2:d8	-68	6.1
1543668112469	30:ae:a4:3b:a2:d8	-68	6.1
1543668119375	30:ae:a4:3b:a2:d8	-67	6.1
1543668119406	30:ae:a4:3b:a2:d8	-67	6.1
1543668126187	30:ae:a4:3b:a2:d8	-68	6.1
1543668132984	30:ae:a4:3b:a2:d8	-67	6.1
1543668139905	30:ae:a4:3b:a2:d8	-67	6.1
1543668139935	30:ae:a4:3b:a2:d8	-67	6.1
1543668146873	30:ae:a4:3b:a2:d8	-67	6.1
1543668146904	30:ae:a4:3b:a2:d8	-67	6.1
1543668290569	30:ae:a4:3b:a2:d8	-61	6.9
1543668290595	30:ae:a4:3b:a2:d8	-60	6.9
1543668297523	30:ae:a4:3b:a2:d8	-61	6.9
1543668304568	30:ae:a4:3b:a2:d8	-63	6.9
1543668304594	30:ae:a4:3b:a2:d8	-62	6.9
1543668311255	30:ae:a4:3b:a2:d8	-63	6.9
1543668311283	30:ae:a4:3b:a2:d8	-62	6.9
1543668318242	30:ae:a4:3b:a2:d8	-63	6.9
1543668325257	30:ae:a4:3b:a2:d8	-63	6.9
1543668325280	30:ae:a4:3b:a2:d8	-63	6.9
1543668332180	30:ae:a4:3b:a2:d8	-63	6.9
1543668332202	30:ae:a4:3b:a2:d8	-62	6.9
1543668338859	30:ae:a4:3b:a2:d8	-63	6.9
1543668338889	30:ae:a4:3b:a2:d8	-62	6.9
1543668345824	30:ae:a4:3b:a2:d8	-62	6.9
1543668345842	30:ae:a4:3b:a2:d8	-62	6.9
1543668353057	30:ae:a4:3b:a2:d8	-60	6.9
1543668353088	30:ae:a4:3b:a2:d8	-60	6.9
1543668359963	30:ae:a4:3b:a2:d8	-62	6.9
1543668359994	30:ae:a4:3b:a2:d8	-61	6.9
1543668366846	30:ae:a4:3b:a2:d8	-60	6.9
1543668366877	30:ae:a4:3b:a2:d8	-60	6.9
1543668373612	30:ae:a4:3b:a2:d8	-63	6.9
1543668373642	30:ae:a4:3b:a2:d8	-63	6.9
1543668380564	30:ae:a4:3b:a2:d8	-63	6.9
1543668380594	30:ae:a4:3b:a2:d8	-63	6.9
1543668387357	30:ae:a4:3b:a2:d8	-64	6.9
1543668387388	30:ae:a4:3b:a2:d8	-64	6.9
1543668394279	30:ae:a4:3b:a2:d8	-64	6.9
1543668421543	30:ae:a4:3b:a2:d8	-75	6.9
1543668421573	30:ae:a4:3b:a2:d8	-64	6.9
1543668428370	30:ae:a4:3b:a2:d8	-64	6.9
1543668428400	30:ae:a4:3b:a2:d8	-64	6.9
1543668435526	30:ae:a4:3b:a2:d8	-65	6.9
1543668435556	30:ae:a4:3b:a2:d8	-64	6.9
1543668442369	30:ae:a4:3b:a2:d8	-63	6.9
1543668442399	30:ae:a4:3b:a2:d8	-63	6.9
1543668449368	30:ae:a4:3b:a2:d8	-62	6.9
1543668449399	30:ae:a4:3b:a2:d8	-62	6.9
1543668456212	30:ae:a4:3b:a2:d8	-63	6.9
1543668456242	30:ae:a4:3b:a2:d8	-64	6.9
1543668462867	30:ae:a4:3b:a2:d8	-64	6.9
1543668462898	30:ae:a4:3b:a2:d8	-63	6.9
1543668469726	30:ae:a4:3b:a2:d8	-63	6.9
1543668469757	30:ae:a4:3b:a2:d8	-63	6.9
1543668476665	30:ae:a4:3b:a2:d8	-62	6.9
1543668476694	30:ae:a4:3b:a2:d8	-62	6.9
1543668483698	30:ae:a4:3b:a2:d8	-65	6.9
1543668483729	30:ae:a4:3b:a2:d8	-65	6.9
1543668483930	30:ae:a4:3b:a2:d8	-66	6.9
1543668490495	30:ae:a4:3b:a2:d8	-65	6.9
1543668490525	30:ae:a4:3b:a2:d8	-65	6.9
1543668490766	30:ae:a4:3b:a2:d8	-66	6.9
1543668497354	30:ae:a4:3b:a2:d8	-65	6.9
1543668497384	30:ae:a4:3b:a2:d8	-65	6.9
1543668497512	30:ae:a4:3b:a2:d8	-67	6.9
1543668504056	30:ae:a4:3b:a2:d8	-65	6.9
1543668504086	30:ae:a4:3b:a2:d8	-66	6.9
1543668504273	30:ae:a4:3b:a2:d8	-66	6.9
1543668510853	30:ae:a4:3b:a2:d8	-67	6.9
1543668510883	30:ae:a4:3b:a2:d8	-66	6.9
1543668511108	30:ae:a4:3b:a2:d8	-66	6.9
1543668517727	30:ae:a4:3b:a2:d8	-67	6.9
1543668517757	30:ae:a4:3b:a2:d8	-67	6.9
1543668518001	30:ae:a4:3b:a2:d8	-68	6.9
1543668524727	30:ae:a4:3b:a2:d8	-66	6.9
1543668524757	30:ae:a4:3b:a2:d8	-66	6.9
1543668524995	30:ae:a4:3b:a2:d8	-67	6.9
1543668531585	30:ae:a4:3b:a2:d8	-66	6.9
1543668531616	30:ae:a4:3b:a2:d8	-65	6.9
1543668531836	30:ae:a4:3b:a2:d8	-66	6.9
1543668538538	30:ae:a4:3b:a2:d8	-65	6.9
1543668538568	30:ae:a4:3b:a2:d8	-66	6.9
1543668538784	30:ae:a4:3b:a2:d8	-66	6.9
1543668552506	30:ae:a4:3b:a2:d8	-67	6.9
1543668552536	30:ae:a4:3b:a2:d8	-68	6.9
1543668559427	30:ae:a4:3b:a2:d8	-71	6.9
1543668559457	30:ae:a4:3b:a2:d8	-71	6.9
1543668566458	30:ae:a4:3b:a2:d8	-68	6.9
1543668566488	30:ae:a4:3b:a2:d8	-68	6.9
1543668573457	30:ae:a4:3b:a2:d8	-68	6.9
1543668573488	30:ae:a4:3b:a2:d8	-68	6.9
1543668580285	30:ae:a4:3b:a2:d8	-68	6.9
1543668580315	30:ae:a4:3b:a2:d8	-68	6.9
1543668587113	30:ae:a4:3b:a2:d8	-68	6.9
1543668587143	30:ae:a4:3b:a2:d8	-67	6.9
1543668600636	30:ae:a4:3b:a2:d8	-67	6.9
1543668613901	30:ae:a4:3b:a2:d8	-68	6.9
1543668613931	30:ae:a4:3b:a2:d8	-68	6.9
1543668621275	30:ae:a4:3b:a2:d8	-69	6.9
1543668621305	30:ae:a4:3b:a2:d8	-68	6.9
1543668628556	30:ae:a4:3b:a2:d8	-68	6.9
1543668628586	30:ae:a4:3b:a2:d8	-69	6.9
1543668635243	30:ae:a4:3b:a2:d8	-69	6.9
1543668635273	30:ae:a4:3b:a2:d8	-68	6.9
1543668642117	30:ae:a4:3b:a2:d8	-69	6.9
1543668642148	30:ae:a4:3b:a2:d8	-69	6.9
1543668648820	30:ae:a4:3b:a2:d8	-68	6.9
1543668648850	30:ae:a4:3b:a2:d8	-69	6.9
1543668655757	30:ae:a4:3b:a2:d8	-69	6.9
1543668655787	30:ae:a4:3b:a2:d8	-69	6.9
1543668662605	30:ae:a4:3b:a2:d8	-69	6.9
1543668662635	30:ae:a4:3b:a2:d8	-68	6.9
1543668676573	30:ae:a4:3b:a2:d8	-71	6.9
1543668676603	30:ae:a4:3b:a2:d8	-71	6.9
1543668683275	30:ae:a4:3b:a2:d8	-70	6.9
1543668683307	30:ae:a4:3b:a2:d8	-70	6.9
1543668690259	30:ae:a4:3b:a2:d8	-70	6.9
1543668690289	30:ae:a4:3b:a2:d8	-70	6.9
1543668697118	30:ae:a4:3b:a2:d8	-70	6.9
1543668697148	30:ae:a4:3b:a2:d8	-70	6.9
1543668704008	30:ae:a4:3b:a2:d8	-70	6.9
1543668704038	30:ae:a4:3b:a2:d8	-70	6.9
1543668710856	30:ae:a4:3b:a2:d8	-70	6.9
1543668710886	30:ae:a4:3b:a2:d8	-70	6.9
1543668717821	30:ae:a4:3b:a2:d8	-70	6.9
1543668717852	30:ae:a4:3b:a2:d8	-69	6.9
1543668724696	30:ae:a4:3b:a2:d8	-71	6.9
1543668724726	30:ae:a4:3b:a2:d8	-69	6.9
1543668752225	30:ae:a4:3b:a2:d8	-74	6.9
1543668752255	30:ae:a4:3b:a2:d8	-74	6.9
1543668759015	30:ae:a4:3b:a2:d8	-73	6.9
1543668759046	30:ae:a4:3b:a2:d8	-73	6.9
1543668772671	30:ae:a4:3b:a2:d8	-73	6.9
1543668772701	30:ae:a4:3b:a2:d8	-73	6.9
1543668779623	30:ae:a4:3b:a2:d8	-73	6.9
1543668779654	30:ae:a4:3b:a2:d8	-73	6.9
1543668786513	30:ae:a4:3b:a2:d8	-73	6.9
1543668820448	30:ae:a4:3b:a2:d8	-73	6.9
1543668820479	30:ae:a4:3b:a2:d8	-74	6.9
1543668827448	30:ae:a4:3b:a2:d8	-74	6.9
1543668827478	30:ae:a4:3b:a2:d8	-74	6.9
1543668834447	30:ae:a4:3b:a2:d8	-73	6.9
1543668834478	30:ae:a4:3b:a2:d8	-73	6.9
1543668841447	30:ae:a4:3b:a2:d8	-74	6.9
1543668841477	30:ae:a4:3b:a2:d8	-75	6.9
1543668939010	30:ae:a4:3b:a2:d8	-72	6.9
1543668939040	30:ae:a4:3b:a2:d8	-72	6.9
1543668945822	30:ae:a4:3b:a2:d8	-75	6.9
1543668945852	30:ae:a4:3b:a2:d8	-75	6.9
1543668952618	30:ae:a4:3b:a2:d8	-72	6.9
1543668952648	30:ae:a4:3b:a2:d8	-71	6.9
1543668959430	30:ae:a4:3b:a2:d8	-70	6.9
1543668959460	30:ae:a4:3b:a2:d8	-71	6.9
1543668966195	30:ae:a4:3b:a2:d8	-69	6.9
1543668966226	30:ae:a4:3b:a2:d8	-69	6.9
1543669062553	30:ae:a4:3b:a2:d8	-73	6.9
1543669062584	30:ae:a4:3b:a2:d8	-73	6.9
1543669069444	30:ae:a4:3b:a2:d8	-72	6.9
1543669069474	30:ae:a4:3b:a2:d8	-73	6.9
1543669076708	30:ae:a4:3b:a2:d8	-72	6.9
1543669083692	30:ae:a4:3b:a2:d8	-75	6.9
1543669083723	30:ae:a4:3b:a2:d8	-75	6.9
1543669090473	30:ae:a4:3b:a2:d8	-74	6.9
1543669090504	30:ae:a4:3b:a2:d8	-74	6.9
1543669098082	30:ae:a4:3b:a2:d8	-71	6.9
1543669098114	30:ae:a4:3b:a2:d8	-72	6.9
1543669105059	30:ae:a4:3b:a2:d8	-72	6.9
1543669105088	30:ae:a4:3b:a2:d8	-72	6.9
1543669124119	30:ae:a4:3b:a2:d8	-66	6.9
1543669124140	30:ae:a4:3b:a2:d8	-66	6.9
1543669134830	30:ae:a4:3b:a2:d8	-66	6.9
1543669134853	30:ae:a4:3b:a2:d8	-66	6.9
1543669141924	30:ae:a4:3b:a2:d8	-65	6.9
1543669141944	30:ae:a4:3b:a2:d8	-65	6.9
1543669148855	30:ae:a4:3b:a2:d8	-65	6.9
1543669148883	30:ae:a4:3b:a2:d8	-64	6.9
1543669155805	30:ae:a4:3b:a2:d8	-65	6.9
1543669155834	30:ae:a4:3b:a2:d8	-64	6.9
1543669162623	30:ae:a4:3b:a2:d8	-65	6.9
1543669162646	30:ae:a4:3b:a2:d8	-64	6.9
1543669169463	30:ae:a4:3b:a2:d8	-65	6.9
1543669169489	30:ae:a4:3b:a2:d8	-65	6.9
1543669176531	30:ae:a4:3b:a2:d8	-65	6.9
1543669176552	30:ae:a4:3b:a2:d8	-65	6.9
1543669246496	30:ae:a4:3b:a2:d8	-76	7.8
1543669246520	30:ae:a4:3b:a2:d8	-75	7.8
1543669253481	30:ae:a4:3b:a2:d8	-77	7.8
1543669260325	30:ae:a4:3b:a2:d8	-76	7.8
1543669260347	30:ae:a4:3b:a2:d8	-76	7.8
1543669267318	30:ae:a4:3b:a2:d8	-76	7.8
1543669267342	30:ae:a4:3b:a2:d8	-76	7.8
1543669274067	30:ae:a4:3b:a2:d8	-76	7.8
1543669274091	30:ae:a4:3b:a2:d8	-76	7.8
1543669280965	30:ae:a4:3b:a2:d8	-75	7.8
1543669280981	30:ae:a4:3b:a2:d8	-75	7.8
1543669287676	30:ae:a4:3b:a2:d8	-75	7.8
1543669294515	30:ae:a4:3b:a2:d8	-76	7.8
1543669301444	30:ae:a4:3b:a2:d8	-77	7.8
1543669301461	30:ae:a4:3b:a2:d8	-75	7.8
1543669308711	30:ae:a4:3b:a2:d8	-74	7.8
1543669308741	30:ae:a4:3b:a2:d8	-74	7.8
1543669315617	30:ae:a4:3b:a2:d8	-75	7.8
1543669315647	30:ae:a4:3b:a2:d8	-76	7.8
1543669322787	30:ae:a4:3b:a2:d8	-75	7.8
1543669329679	30:ae:a4:3b:a2:d8	-73	7.8
1543669329710	30:ae:a4:3b:a2:d8	-74	7.8
1543669336929	30:ae:a4:3b:a2:d8	-74	7.8
1543669336961	30:ae:a4:3b:a2:d8	-73	7.8
1543669343787	30:ae:a4:3b:a2:d8	-75	7.8
1543669343818	30:ae:a4:3b:a2:d8	-73	7.8
1543669378754	30:ae:a4:3b:a2:d8	-75	7.8
1543669378784	30:ae:a4:3b:a2:d8	-74	7.8
1543669385842	30:ae:a4:3b:a2:d8	-77	7.8
1543669385872	30:ae:a4:3b:a2:d8	-76	7.8
1543669392654	30:ae:a4:3b:a2:d8	-77	7.8
1543669392684	30:ae:a4:3b:a2:d8	-74	7.8
1543669399546	30:ae:a4:3b:a2:d8	-73	7.8
1543669399576	30:ae:a4:3b:a2:d8	-73	7.8
1543669406686	30:ae:a4:3b:a2:d8	-72	7.8
1543669406716	30:ae:a4:3b:a2:d8	-72	7.8
1543669413623	30:ae:a4:3b:a2:d8	-76	7.8
1543669413653	30:ae:a4:3b:a2:d8	-75	7.8
1543669420669	30:ae:a4:3b:a2:d8	-78	7.8
1543669420699	30:ae:a4:3b:a2:d8	-77	7.8
1543669427450	30:ae:a4:3b:a2:d8	-74	7.8
1543669427480	30:ae:a4:3b:a2:d8	-74	7.8
1543669440949	30:ae:a4:3b:a2:d8	-76	7.8
1543669440979	30:ae:a4:3b:a2:d8	-76	7.8
1543669441366	30:ae:a4:3b:a2:d8	-77	7.8
1543669447933	30:ae:a4:3b:a2:d8	-77	7.8
1543669448382	30:ae:a4:3b:a2:d8	-78	7.8
1543669454963	30:ae:a4:3b:a2:d8	-77	7.8
1543669454994	30:ae:a4:3b:a2:d8	-77	7.8
1543669461791	30:ae:a4:3b:a2:d8	-78	7.8
1543669461823	30:ae:a4:3b:a2:d8	-78	7.8
1543669462053	30:ae:a4:3b:a2:d8	-77	7.8
1543669468634	30:ae:a4:3b:a2:d8	-76	7.8
1543669468865	30:ae:a4:3b:a2:d8	-74	7.8
1543669475540	30:ae:a4:3b:a2:d8	-78	7.8
1543669475570	30:ae:a4:3b:a2:d8	-79	7.8
1543669475844	30:ae:a4:3b:a2:d8	-76	7.8
1543669482540	30:ae:a4:3b:a2:d8	-75	7.8
1543669482570	30:ae:a4:3b:a2:d8	-76	7.8
1543669482789	30:ae:a4:3b:a2:d8	-78	7.8
1543669489414	30:ae:a4:3b:a2:d8	-71	7.8
1543669489444	30:ae:a4:3b:a2:d8	-73	7.8
1543669489725	30:ae:a4:3b:a2:d8	-79	7.8
1543669496664	30:ae:a4:3b:a2:d8	-73	7.8
1543669496694	30:ae:a4:3b:a2:d8	-73	7.8
1543669503991	30:ae:a4:3b:a2:d8	-75	7.8
1543669504021	30:ae:a4:3b:a2:d8	-76	7.8
1543669510871	30:ae:a4:3b:a2:d8	-75	7.8
1543669510901	30:ae:a4:3b:a2:d8	-74	7.8
1543669517745	30:ae:a4:3b:a2:d8	-71	7.8
1543669517776	30:ae:a4:3b:a2:d8	-69	7.8
1543669524448	30:ae:a4:3b:a2:d8	-75	7.8
1543669524478	30:ae:a4:3b:a2:d8	-75	7.8
1543669530885	30:ae:a4:3b:a2:d8	-75	7.8
1543669531322	30:ae:a4:3b:a2:d8	-76	7.8
1543669531353	30:ae:a4:3b:a2:d8	-75	7.8
1543669538447	30:ae:a4:3b:a2:d8	-75	7.8
1543669538477	30:ae:a4:3b:a2:d8	-75	7.8
1543669545478	30:ae:a4:3b:a2:d8	-76	7.8
1543669545508	30:ae:a4:3b:a2:d8	-75	7.8
1543669552321	30:ae:a4:3b:a2:d8	-76	7.8
1543669552352	30:ae:a4:3b:a2:d8	-76	7.8
1543669572319	30:ae:a4:3b:a2:d8	-73	7.8
1543669572350	30:ae:a4:3b:a2:d8	-73	7.8
1543669579210	30:ae:a4:3b:a2:d8	-73	7.8
1543669579240	30:ae:a4:3b:a2:d8	-74	7.8
1543669586178	30:ae:a4:3b:a2:d8	-73	7.8
1543669593037	30:ae:a4:3b:a2:d8	-73	7.8
1543669593067	30:ae:a4:3b:a2:d8	-73	7.8
1543669599802	30:ae:a4:3b:a2:d8	-73	7.8
1543669599832	30:ae:a4:3b:a2:d8	-73	7.8
1543669606661	30:ae:a4:3b:a2:d8	-73	7.8
1543669606691	30:ae:a4:3b:a2:d8	-73	7.8
1543669613551	30:ae:a4:3b:a2:d8	-73	7.8
1543669613581	30:ae:a4:3b:a2:d8	-72	7.8
1543669634440	30:ae:a4:3b:a2:d8	-72	7.8
1543669634470	30:ae:a4:3b:a2:d8	-72	7.8
1543669641200	30:ae:a4:3b:a2:d8	-72	7.8
1543669641230	30:ae:a4:3b:a2:d8	-72	7.8
1543669648043	30:ae:a4:3b:a2:d8	-71	7.8
1543669648073	30:ae:a4:3b:a2:d8	-71	7.8
1543669655308	30:ae:a4:3b:a2:d8	-72	7.8
1543669655338	30:ae:a4:3b:a2:d8	-72	7.8
1543669662262	30:ae:a4:3b:a2:d8	-71	7.8
1543669662291	30:ae:a4:3b:a2:d8	-71	7.8
1543669669073	30:ae:a4:3b:a2:d8	-71	7.8
1543669669103	30:ae:a4:3b:a2:d8	-71	7.8
1543669675942	30:ae:a4:3b:a2:d8	-71	7.8
1543669675972	30:ae:a4:3b:a2:d8	-71	7.8
1543669683112	30:ae:a4:3b:a2:d8	-71	7.8
1543669683142	30:ae:a4:3b:a2:d8	-71	7.8
1543669689830	30:ae:a4:3b:a2:d8	-71	7.8
1543669689861	30:ae:a4:3b:a2:d8	-71	7.8
1543669697075	30:ae:a4:3b:a2:d8	-71	7.8
1543669724573	30:ae:a4:3b:a2:d8	-70	7.8
1543669724603	30:ae:a4:3b:a2:d8	-70	7.8
1543669738103	30:ae:a4:3b:a2:d8	-70	7.8
1543669744946	30:ae:a4:3b:a2:d8	-70	7.8
1543669744976	30:ae:a4:3b:a2:d8	-71	7.8
1543669751805	30:ae:a4:3b:a2:d8	-71	7.8
1543669751835	30:ae:a4:3b:a2:d8	-70	7.8
1543669772194	30:ae:a4:3b:a2:d8	-70	7.8
1543669772224	30:ae:a4:3b:a2:d8	-70	7.8
1543669792865	30:ae:a4:3b:a2:d8	-70	7.8
1543669820316	30:ae:a4:3b:a2:d8	-71	7.8
1543669826800	30:ae:a4:3b:a2:d8	-73	7.8
1543669827331	30:ae:a4:3b:a2:d8	-71	7.8
1543669827362	30:ae:a4:3b:a2:d8	-71	7.8
1543670033182	30:ae:a4:3b:a2:d8	-77	8.8
1543670033205	30:ae:a4:3b:a2:d8	-76	8.8
1543670040087	30:ae:a4:3b:a2:d8	-76	8.8
1543670046898	30:ae:a4:3b:a2:d8	-77	8.8
1543670046925	30:ae:a4:3b:a2:d8	-77	8.8
1543670053651	30:ae:a4:3b:a2:d8	-75	8.8
1543670053676	30:ae:a4:3b:a2:d8	-76	8.8
1543670060569	30:ae:a4:3b:a2:d8	-76	8.8
1543670060594	30:ae:a4:3b:a2:d8	-75	8.8
1543670067471	30:ae:a4:3b:a2:d8	-76	8.8
1543670067500	30:ae:a4:3b:a2:d8	-76	8.8
1543670074320	30:ae:a4:3b:a2:d8	-75	8.8
1543670074345	30:ae:a4:3b:a2:d8	-74	8.8
1543670081226	30:ae:a4:3b:a2:d8	-75	8.8
1543670081249	30:ae:a4:3b:a2:d8	-74	8.8
1543670088447	30:ae:a4:3b:a2:d8	-75	8.8
1543670095582	30:ae:a4:3b:a2:d8	-78	8.8
1543670095612	30:ae:a4:3b:a2:d8	-77	8.8
1543670102783	30:ae:a4:3b:a2:d8	-79	8.8
1543670109786	30:ae:a4:3b:a2:d8	-78	8.8
1543670109814	30:ae:a4:3b:a2:d8	-79	8.8
1543670116392	30:ae:a4:3b:a2:d8	-75	8.8
1543670116674	30:ae:a4:3b:a2:d8	-77	8.8
1543670116704	30:ae:a4:3b:a2:d8	-78	8.8
1543670123502	30:ae:a4:3b:a2:d8	-78	8.8
1543670123532	30:ae:a4:3b:a2:d8	-78	8.8
1543670130267	30:ae:a4:3b:a2:d8	-79	8.8
1543670130297	30:ae:a4:3b:a2:d8	-78	8.8
1543670137235	30:ae:a4:3b:a2:d8	-79	8.8
1543670137265	30:ae:a4:3b:a2:d8	-79	8.8
1543670144000	30:ae:a4:3b:a2:d8	-78	8.8
1543670144030	30:ae:a4:3b:a2:d8	-77	8.8
1543670150781	30:ae:a4:3b:a2:d8	-79	8.8
1543670150811	30:ae:a4:3b:a2:d8	-80	8.8
1543670157562	30:ae:a4:3b:a2:d8	-73	8.8
1543670157592	30:ae:a4:3b:a2:d8	-73	8.8
1543670164530	30:ae:a4:3b:a2:d8	-73	8.8
1543670164560	30:ae:a4:3b:a2:d8	-73	8.8
1543670171343	30:ae:a4:3b:a2:d8	-74	8.8
1543670171372	30:ae:a4:3b:a2:d8	-74	8.8
1543670178185	30:ae:a4:3b:a2:d8	-73	8.8
1543670178215	30:ae:a4:3b:a2:d8	-73	8.8
1543670185044	30:ae:a4:3b:a2:d8	-74	8.8
1543670185074	30:ae:a4:3b:a2:d8	-73	8.8
1543670191950	30:ae:a4:3b:a2:d8	-74	8.8
1543670191980	30:ae:a4:3b:a2:d8	-74	8.8
1543670198934	30:ae:a4:3b:a2:d8	-72	8.8
1543670198964	30:ae:a4:3b:a2:d8	-73	8.8
1543670205902	30:ae:a4:3b:a2:d8	-70	8.8
1543670205933	30:ae:a4:3b:a2:d8	-71	8.8
1543670212980	30:ae:a4:3b:a2:d8	-72	8.8
1543670213010	30:ae:a4:3b:a2:d8	-74	8.8
1543670219854	30:ae:a4:3b:a2:d8	-69	8.8
1543670220181	30:ae:a4:3b:a2:d8	-70	8.8
1543670226775	30:ae:a4:3b:a2:d8	-72	8.8
1543670226806	30:ae:a4:3b:a2:d8	-72	8.8
1543670227041	30:ae:a4:3b:a2:d8	-71	8.8
1543670233650	30:ae:a4:3b:a2:d8	-71	8.8
1543670233680	30:ae:a4:3b:a2:d8	-72	8.8
1543670233844	30:ae:a4:3b:a2:d8	-72	8.8
1543670240571	30:ae:a4:3b:a2:d8	-69	8.8
1543670240602	30:ae:a4:3b:a2:d8	-70	8.8
1543670240820	30:ae:a4:3b:a2:d8	-71	8.8
1543670247648	30:ae:a4:3b:a2:d8	-68	8.8
1543670247886	30:ae:a4:3b:a2:d8	-69	8.8
1543670254680	30:ae:a4:3b:a2:d8	-68	8.8
1543670254701	30:ae:a4:3b:a2:d8	-69	8.8
1543670255289	30:ae:a4:3b:a2:d8	-69	8.8
1543670262057	30:ae:a4:3b:a2:d8	-70	8.8
1543670262292	30:ae:a4:3b:a2:d8	-69	8.8
1543670268995	30:ae:a4:3b:a2:d8	-70	8.8
1543670269025	30:ae:a4:3b:a2:d8	-71	8.8
1543670269312	30:ae:a4:3b:a2:d8	-70	8.8
1543670275823	30:ae:a4:3b:a2:d8	-71	8.8
1543670275853	30:ae:a4:3b:a2:d8	-71	8.8
1543670276279	30:ae:a4:3b:a2:d8	-71	8.8
1543670289806	30:ae:a4:3b:a2:d8	-69	8.8
1543670289836	30:ae:a4:3b:a2:d8	-69	8.8
1543670296634	30:ae:a4:3b:a2:d8	-69	8.8
1543670296664	30:ae:a4:3b:a2:d8	-69	8.8
1543670303586	30:ae:a4:3b:a2:d8	-67	8.8
1543670303617	30:ae:a4:3b:a2:d8	-67	8.8
1543670310680	30:ae:a4:3b:a2:d8	-71	8.8
1543670310710	30:ae:a4:3b:a2:d8	-70	8.8
1543670317507	30:ae:a4:3b:a2:d8	-68	8.8
1543670324354	30:ae:a4:3b:a2:d8	-69	8.8
1543670324384	30:ae:a4:3b:a2:d8	-69	8.8
1543670331418	30:ae:a4:3b:a2:d8	-68	8.8
1543670351510	30:ae:a4:3b:a2:d8	-67	8.8
1543670351541	30:ae:a4:3b:a2:d8	-68	8.8
1543670358302	30:ae:a4:3b:a2:d8	-70	8.8
1543670358332	30:ae:a4:3b:a2:d8	-70	8.8
1543670365254	30:ae:a4:3b:a2:d8	-72	8.8
1543670365285	30:ae:a4:3b:a2:d8	-72	8.8
1543670372207	30:ae:a4:3b:a2:d8	-73	8.8
1543670372237	30:ae:a4:3b:a2:d8	-72	8.8
1543670379051	30:ae:a4:3b:a2:d8	-71	8.8
1543670379081	30:ae:a4:3b:a2:d8	-70	8.8
1543670386066	30:ae:a4:3b:a2:d8	-72	8.8
1543670386097	30:ae:a4:3b:a2:d8	-72	8.8
1543670393159	30:ae:a4:3b:a2:d8	-71	8.8
1543670393190	30:ae:a4:3b:a2:d8	-72	8.8
1543670400034	30:ae:a4:3b:a2:d8	-71	8.8
1543670406877	30:ae:a4:3b:a2:d8	-75	8.8
1543670406908	30:ae:a4:3b:a2:d8	-75	8.8
1543670413861	30:ae:a4:3b:a2:d8	-71	8.8
1543670413892	30:ae:a4:3b:a2:d8	-71	8.8
1543670420788	30:ae:a4:3b:a2:d8	-71	8.8
1543670420818	30:ae:a4:3b:a2:d8	-72	8.8
1543670427923	30:ae:a4:3b:a2:d8	-72	8.8
1543670427953	30:ae:a4:3b:a2:d8	-72	8.8
1543670434938	30:ae:a4:3b:a2:d8	-72	8.8
1543670434968	30:ae:a4:3b:a2:d8	-72	8.8
1543670442047	30:ae:a4:3b:a2:d8	-73	8.8
1543670442077	30:ae:a4:3b:a2:d8	-74	8.8
1543670448893	30:ae:a4:3b:a2:d8	-73	8.8
1543670448924	30:ae:a4:3b:a2:d8	-73	8.8
1543670455877	30:ae:a4:3b:a2:d8	-73	8.8
1543670455908	30:ae:a4:3b:a2:d8	-74	8.8
1543670462955	30:ae:a4:3b:a2:d8	-75	8.8
1543670462985	30:ae:a4:3b:a2:d8	-73	8.8
1543670469986	30:ae:a4:3b:a2:d8	-72	8.8
1543670470016	30:ae:a4:3b:a2:d8	-72	8.8
1543670477345	30:ae:a4:3b:a2:d8	-73	8.8
1543670477375	30:ae:a4:3b:a2:d8	-72	8.8
1543670491109	30:ae:a4:3b:a2:d8	-73	8.8
1543670491139	30:ae:a4:3b:a2:d8	-72	8.8
1543670498124	30:ae:a4:3b:a2:d8	-73	8.8
1543670498155	30:ae:a4:3b:a2:d8	-72	8.8
1543670504999	30:ae:a4:3b:a2:d8	-73	8.8
1543670511873	30:ae:a4:3b:a2:d8	-73	8.8
1543670511904	30:ae:a4:3b:a2:d8	-73	8.8
1543670518779	30:ae:a4:3b:a2:d8	-73	8.8
1543670518809	30:ae:a4:3b:a2:d8	-72	8.8
1543670525794	30:ae:a4:3b:a2:d8	-73	8.8
1543670532575	30:ae:a4:3b:a2:d8	-73	8.8
1543670532605	30:ae:a4:3b:a2:d8	-72	8.8
1543670539653	30:ae:a4:3b:a2:d8	-76	8.8
1543670539683	30:ae:a4:3b:a2:d8	-75	8.8
1543670546824	30:ae:a4:3b:a2:d8	-75	8.8
1543670546854	30:ae:a4:3b:a2:d8	-76	8.8
1543670567692	30:ae:a4:3b:a2:d8	-75	8.8
1543670567722	30:ae:a4:3b:a2:d8	-75	8.8
1543670588378	30:ae:a4:3b:a2:d8	-76	8.8
1543670595321	30:ae:a4:3b:a2:d8	-76	8.8
1543670595351	30:ae:a4:3b:a2:d8	-76	8.8
1543670865512	30:ae:a4:3b:a2:d8	-88	10.5
1543670865535	30:ae:a4:3b:a2:d8	-86	10.5
1543670871272	30:ae:a4:3b:a2:d8	-82	10.5
1543670871300	30:ae:a4:3b:a2:d8	-81	10.5
1543670872465	30:ae:a4:3b:a2:d8	-89	10.5
1543670872488	30:ae:a4:3b:a2:d8	-87	10.5
1543670875630	30:ae:a4:3b:a2:d8	-83	10.5
1543670875660	30:ae:a4:3b:a2:d8	-82	10.5
1543670879308	30:ae:a4:3b:a2:d8	-80	10.5
1543670879331	30:ae:a4:3b:a2:d8	-81	10.5
1543670882364	30:ae:a4:3b:a2:d8	-80	10.5
1543670882393	30:ae:a4:3b:a2:d8	-81	10.5
1543670886309	30:ae:a4:3b:a2:d8	-76	10.5
1543670886330	30:ae:a4:3b:a2:d8	-77	10.5
1543670893122	30:ae:a4:3b:a2:d8	-83	10.5
1543670893142	30:ae:a4:3b:a2:d8	-82	10.5
1543670896488	30:ae:a4:3b:a2:d8	-84	10.5
1543670896517	30:ae:a4:3b:a2:d8	-85	10.5
1543670900196	30:ae:a4:3b:a2:d8	-83	10.5
1543670900220	30:ae:a4:3b:a2:d8	-84	10.5
1543670907046	30:ae:a4:3b:a2:d8	-82	10.5
1543670914016	30:ae:a4:3b:a2:d8	-85	10.5
1543670914037	30:ae:a4:3b:a2:d8	-84	10.5
1543670928240	30:ae:a4:3b:a2:d8	-83	10.5
1543670928271	30:ae:a4:3b:a2:d8	-84	10.5
1543670933741	30:ae:a4:3b:a2:d8	-84	10.5
1543670933770	30:ae:a4:3b:a2:d8	-84	10.5
1543670935037	30:ae:a4:3b:a2:d8	-85	10.5
1543670935067	30:ae:a4:3b:a2:d8	-83	10.5
1543670941896	30:ae:a4:3b:a2:d8	-83	10.5
1543670941926	30:ae:a4:3b:a2:d8	-83	10.5
1543670948864	30:ae:a4:3b:a2:d8	-82	10.5
1543670948894	30:ae:a4:3b:a2:d8	-82	10.5
1543670955848	30:ae:a4:3b:a2:d8	-83	10.5
1543670990659	30:ae:a4:3b:a2:d8	-77	10.5
1543670990689	30:ae:a4:3b:a2:d8	-76	10.5
1543670997549	30:ae:a4:3b:a2:d8	-82	10.5
1543670997579	30:ae:a4:3b:a2:d8	-83	10.5
1543671004908	30:ae:a4:3b:a2:d8	-81	10.5
1543671004938	30:ae:a4:3b:a2:d8	-88	10.5
1543671011727	30:ae:a4:3b:a2:d8	-83	10.5
1543671018649	30:ae:a4:3b:a2:d8	-80	10.5
1543671018679	30:ae:a4:3b:a2:d8	-86	10.5
1543671025383	30:ae:a4:3b:a2:d8	-79	10.5
1543671025413	30:ae:a4:3b:a2:d8	-80	10.5
1543671032273	30:ae:a4:3b:a2:d8	-79	10.5
1543671032303	30:ae:a4:3b:a2:d8	-80	10.5
1543671039147	30:ae:a4:3b:a2:d8	-78	10.5
1543671039178	30:ae:a4:3b:a2:d8	-78	10.5
1543671045959	30:ae:a4:3b:a2:d8	-81	10.5
1543671045990	30:ae:a4:3b:a2:d8	-81	10.5
1543671053005	30:ae:a4:3b:a2:d8	-79	10.5
1543671053294	30:ae:a4:3b:a2:d8	-74	10.5
1543671059880	30:ae:a4:3b:a2:d8	-78	10.5
1543671059910	30:ae:a4:3b:a2:d8	-79	10.5
1543671060095	30:ae:a4:3b:a2:d8	-78	10.5
1543671066630	30:ae:a4:3b:a2:d8	-78	10.5
1543671066947	30:ae:a4:3b:a2:d8	-78	10.5
1543671073567	30:ae:a4:3b:a2:d8	-82	10.5
1543671073597	30:ae:a4:3b:a2:d8	-82	10.5
1543671073858	30:ae:a4:3b:a2:d8	-80	10.5
1543671080488	30:ae:a4:3b:a2:d8	-75	10.5
1543671115189	30:ae:a4:3b:a2:d8	-75	10.5
1543671115219	30:ae:a4:3b:a2:d8	-74	10.5
1543671122141	30:ae:a4:3b:a2:d8	-74	10.5
1543671128984	30:ae:a4:3b:a2:d8	-82	10.5
1543671129015	30:ae:a4:3b:a2:d8	-82	10.5
1543671136171	30:ae:a4:3b:a2:d8	-76	10.5
1543671136202	30:ae:a4:3b:a2:d8	-75	10.5
1543671143155	30:ae:a4:3b:a2:d8	-75	10.5
1543671143269	30:ae:a4:3b:a2:d8	-77	10.5
1543671150092	30:ae:a4:3b:a2:d8	-78	10.5
1543671150123	30:ae:a4:3b:a2:d8	-77	10.5
1543671156873	30:ae:a4:3b:a2:d8	-77	10.5
1543671163748	30:ae:a4:3b:a2:d8	-77	10.5
1543671163778	30:ae:a4:3b:a2:d8	-77	10.5
1543671170606	30:ae:a4:3b:a2:d8	-80	10.5
1543671170637	30:ae:a4:3b:a2:d8	-80	10.5
1543671177106	30:ae:a4:3b:a2:d8	-77	10.5
1543671177136	30:ae:a4:3b:a2:d8	-76	10.5
1543671184059	30:ae:a4:3b:a2:d8	-79	10.5
1543671184089	30:ae:a4:3b:a2:d8	-81	10.5
1543671191074	30:ae:a4:3b:a2:d8	-77	10.5
1543671191106	30:ae:a4:3b:a2:d8	-77	10.5
1543671198276	30:ae:a4:3b:a2:d8	-78	10.5
1543671198307	30:ae:a4:3b:a2:d8	-77	10.5
1543671205276	30:ae:a4:3b:a2:d8	-73	10.5
1543671205306	30:ae:a4:3b:a2:d8	-72	10.5
1543671218993	30:ae:a4:3b:a2:d8	-81	10.5
1543671225852	30:ae:a4:3b:a2:d8	-80	10.5
1543671239653	30:ae:a4:3b:a2:d8	-78	10.5
1543671239683	30:ae:a4:3b:a2:d8	-78	10.5
1543671246762	30:ae:a4:3b:a2:d8	-78	10.5
1543671246792	30:ae:a4:3b:a2:d8	-77	10.5
1543671253745	30:ae:a4:3b:a2:d8	-76	10.5
1543671253776	30:ae:a4:3b:a2:d8	-76	10.5
1543671260526	30:ae:a4:3b:a2:d8	-77	10.5
1543671260557	30:ae:a4:3b:a2:d8	-78	10.5
1543671267442	30:ae:a4:3b:a2:d8	-74	10.5
1543671267473	30:ae:a4:3b:a2:d8	-75	10.5
1543671274176	30:ae:a4:3b:a2:d8	-78	10.5
1543671274206	30:ae:a4:3b:a2:d8	-78	10.5
1543671281035	30:ae:a4:3b:a2:d8	-78	10.5
1543671281065	30:ae:a4:3b:a2:d8	-78	10.5
1543671288003	30:ae:a4:3b:a2:d8	-75	10.5
1543671288034	30:ae:a4:3b:a2:d8	-75	10.5
1543671295065	30:ae:a4:3b:a2:d8	-77	10.5
1543671295096	30:ae:a4:3b:a2:d8	-77	10.5
1543671302674	30:ae:a4:3b:a2:d8	-75	10.5
1543671302704	30:ae:a4:3b:a2:d8	-76	10.5
1543671309627	30:ae:a4:3b:a2:d8	-80	10.5
1543671309657	30:ae:a4:3b:a2:d8	-80	10.5
1543671323798	30:ae:a4:3b:a2:d8	-81	10.5
1543671323828	30:ae:a4:3b:a2:d8	-82	10.5
1543671330960	30:ae:a4:3b:a2:d8	-83	10.5
1543671330990	30:ae:a4:3b:a2:d8	-84	10.5
1543671338084	30:ae:a4:3b:a2:d8	-80	10.5
1543671345008	30:ae:a4:3b:a2:d8	-82	10.5
1543671345038	30:ae:a4:3b:a2:d8	-81	10.5
1543671351898	30:ae:a4:3b:a2:d8	-83	10.5
1543671358694	30:ae:a4:3b:a2:d8	-78	10.5
1543671358725	30:ae:a4:3b:a2:d8	-79	10.5
1543671379443	30:ae:a4:3b:a2:d8	-87	10.5
1543671379473	30:ae:a4:3b:a2:d8	-87	10.5
1543671413768	30:ae:a4:3b:a2:d8	-83	10.5
1543671496769	30:ae:a4:3b:a2:d8	-90	10.5
1543671503784	30:ae:a4:3b:a2:d8	-84	10.5
1543671503814	30:ae:a4:3b:a2:d8	-86	10.5
1543671566358	30:ae:a4:3b:a2:d8	-87	10.5
1543671566388	30:ae:a4:3b:a2:d8	-88	10.5
1543671573606	30:ae:a4:3b:a2:d8	-91	10.5
1543671587517	30:ae:a4:3b:a2:d8	-86	10.5
1543671587548	30:ae:a4:3b:a2:d8	-86	10.5
1543671628285	30:ae:a4:3b:a2:d8	-81	10.5
1543671628316	30:ae:a4:3b:a2:d8	-81	10.5
1543671635050	30:ae:a4:3b:a2:d8	-81	10.5
1543671635081	30:ae:a4:3b:a2:d8	-81	10.5
1543671641831	30:ae:a4:3b:a2:d8	-81	10.5
1543671641861	30:ae:a4:3b:a2:d8	-80	10.5
1543671648643	30:ae:a4:3b:a2:d8	-81	10.5
1543671648673	30:ae:a4:3b:a2:d8	-80	10.5
1543671653392	30:ae:a4:3b:a2:d8	-81	10.5
1543671655610	30:ae:a4:3b:a2:d8	-79	10.5
1543671655644	30:ae:a4:3b:a2:d8	-80	10.5
1543671662691	30:ae:a4:3b:a2:d8	-81	10.5
1543671662722	30:ae:a4:3b:a2:d8	-81	10.5
1543671669738	30:ae:a4:3b:a2:d8	-81	10.5
1543671669768	30:ae:a4:3b:a2:d8	-81	10.5
1543671676706	30:ae:a4:3b:a2:d8	-82	10.5
1543671676736	30:ae:a4:3b:a2:d8	-83	10.5
1543671690220	30:ae:a4:3b:a2:d8	-85	10.5
1543671696985	30:ae:a4:3b:a2:d8	-85	10.5
1543671703850	30:ae:a4:3b:a2:d8	-84	10.5
1543671711245	30:ae:a4:3b:a2:d8	-84	10.5
1543671711276	30:ae:a4:3b:a2:d8	-83	10.5
1543671714434	30:ae:a4:3b:a2:d8	-83	10.5
1543671714463	30:ae:a4:3b:a2:d8	-84	10.5
1543671718250	30:ae:a4:3b:a2:d8	-84	10.5
1543671718275	30:ae:a4:3b:a2:d8	-84	10.5
1543671725031	30:ae:a4:3b:a2:d8	-82	10.5
1543671725056	30:ae:a4:3b:a2:d8	-81	10.5
1543671732359	30:ae:a4:3b:a2:d8	-84	10.5
1543671732384	30:ae:a4:3b:a2:d8	-85	10.5
1543671739208	30:ae:a4:3b:a2:d8	-84	10.5
1543671753327	30:ae:a4:3b:a2:d8	-87	10.5
1543671753358	30:ae:a4:3b:a2:d8	-87	10.5
1543671760311	30:ae:a4:3b:a2:d8	-90	10.5
1543671760342	30:ae:a4:3b:a2:d8	-90	10.5
1543671767253	30:ae:a4:3b:a2:d8	-83	10.5
1543671767283	30:ae:a4:3b:a2:d8	-83	10.5
1543671815712	30:ae:a4:3b:a2:d8	-82	10.5
1543671815742	30:ae:a4:3b:a2:d8	-82	10.5
1543671822680	30:ae:a4:3b:a2:d8	-83	10.5
1543671822711	30:ae:a4:3b:a2:d8	-83	10.5
1543671829523	30:ae:a4:3b:a2:d8	-88	10.5
1543671835493	30:ae:a4:3b:a2:d8	-87	10.5
1543671836491	30:ae:a4:3b:a2:d8	-88	10.5
1543671843647	30:ae:a4:3b:a2:d8	-85	10.5
1543671843678	30:ae:a4:3b:a2:d8	-85	10.5
1543671878108	30:ae:a4:3b:a2:d8	-80	10.5
1543671878138	30:ae:a4:3b:a2:d8	-80	10.5
1543671878301	30:ae:a4:3b:a2:d8	-80	10.5
1543671884811	30:ae:a4:3b:a2:d8	-79	10.5
1543671884841	30:ae:a4:3b:a2:d8	-78	10.5
1543671885026	30:ae:a4:3b:a2:d8	-78	10.5
1543671891717	30:ae:a4:3b:a2:d8	-78	10.5
1543671891747	30:ae:a4:3b:a2:d8	-78	10.5
1543671891913	30:ae:a4:3b:a2:d8	-78	10.5
1543671898716	30:ae:a4:3b:a2:d8	-77	10.5
1543671898746	30:ae:a4:3b:a2:d8	-77	10.5
1543671899222	30:ae:a4:3b:a2:d8	-78	10.5
1543671905887	30:ae:a4:3b:a2:d8	-77	10.5
1543671905918	30:ae:a4:3b:a2:d8	-78	10.5
1543671906119	30:ae:a4:3b:a2:d8	-78	10.5
1543671912800	30:ae:a4:3b:a2:d8	-79	10.5
1543671912830	30:ae:a4:3b:a2:d8	-78	10.5
1543671913167	30:ae:a4:3b:a2:d8	-79	10.5
1543671940683	30:ae:a4:3b:a2:d8	-77	10.5
1543671940714	30:ae:a4:3b:a2:d8	-76	10.5
1543671947564	30:ae:a4:3b:a2:d8	-75	10.5
1543671947594	30:ae:a4:3b:a2:d8	-76	10.5
1543671954485	30:ae:a4:3b:a2:d8	-77	10.5
1543671954515	30:ae:a4:3b:a2:d8	-76	10.5
1543671961406	30:ae:a4:3b:a2:d8	-75	10.5
1543671961437	30:ae:a4:3b:a2:d8	-75	10.5
1543671968312	30:ae:a4:3b:a2:d8	-79	10.5
1543671968342	30:ae:a4:3b:a2:d8	-80	10.5
1543671975312	30:ae:a4:3b:a2:d8	-80	10.5
1543671975342	30:ae:a4:3b:a2:d8	-81	10.5
1543671982186	30:ae:a4:3b:a2:d8	-81	10.5
1543671982216	30:ae:a4:3b:a2:d8	-80	10.5
1543671989420	30:ae:a4:3b:a2:d8	-78	10.5
1543671989450	30:ae:a4:3b:a2:d8	-79	10.5
1543671996747	30:ae:a4:3b:a2:d8	-78	10.5
1543671996778	30:ae:a4:3b:a2:d8	-79	10.5
1543672010087	30:ae:a4:3b:a2:d8	-77	10.5
1543672016946	30:ae:a4:3b:a2:d8	-74	10.5
1543672016976	30:ae:a4:3b:a2:d8	-74	10.5
1543672023789	30:ae:a4:3b:a2:d8	-76	10.5
1543672023820	30:ae:a4:3b:a2:d8	-76	10.5
1543672066025	30:ae:a4:3b:a2:d8	-77	10.5
1543672066055	30:ae:a4:3b:a2:d8	-77	10.5
1543672072978	30:ae:a4:3b:a2:d8	-77	10.5
1543672073012	30:ae:a4:3b:a2:d8	-77	10.5
1543672080102	30:ae:a4:3b:a2:d8	-78	10.5
1543672080132	30:ae:a4:3b:a2:d8	-78	10.5
1543672086820	30:ae:a4:3b:a2:d8	-79	10.5
1543672086851	30:ae:a4:3b:a2:d8	-80	10.5
1543672093961	30:ae:a4:3b:a2:d8	-79	10.5
1543672093991	30:ae:a4:3b:a2:d8	-79	10.5
1543672101111	30:ae:a4:3b:a2:d8	-76	10.5
1543672101142	30:ae:a4:3b:a2:d8	-75	10.5
1543672108017	30:ae:a4:3b:a2:d8	-75	10.5
1543672108047	30:ae:a4:3b:a2:d8	-76	10.5
1543672114813	30:ae:a4:3b:a2:d8	-78	10.5
1543672114843	30:ae:a4:3b:a2:d8	-79	10.5
1543672121922	30:ae:a4:3b:a2:d8	-79	10.5
1543672121952	30:ae:a4:3b:a2:d8	-75	10.5
1543672129250	30:ae:a4:3b:a2:d8	-80	10.5
1543672136108	30:ae:a4:3b:a2:d8	-82	10.5
1543672136139	30:ae:a4:3b:a2:d8	-82	10.5
1543672143077	30:ae:a4:3b:a2:d8	-76	10.5
1543672143107	30:ae:a4:3b:a2:d8	-78	10.5
1543672163585	30:ae:a4:3b:a2:d8	-80	10.5
1543672163616	30:ae:a4:3b:a2:d8	-79	10.5
1543672170819	30:ae:a4:3b:a2:d8	-76	10.5
1543672170850	30:ae:a4:3b:a2:d8	-77	10.5
1543672177819	30:ae:a4:3b:a2:d8	-80	10.5
1543672177849	30:ae:a4:3b:a2:d8	-81	10.5
1543672184678	30:ae:a4:3b:a2:d8	-79	10.5
1543672205343	30:ae:a4:3b:a2:d8	-74	10.5
1543672253787	30:ae:a4:3b:a2:d8	-77	10.5
1543672253817	30:ae:a4:3b:a2:d8	-78	10.5
1543672322618	30:ae:a4:3b:a2:d8	-81	10.5
1543672322648	30:ae:a4:3b:a2:d8	-81	10.5
1543672329445	30:ae:a4:3b:a2:d8	-85	10.5
1543672329475	30:ae:a4:3b:a2:d8	-83	10.5
1543672336413	30:ae:a4:3b:a2:d8	-80	10.5
1543672336446	30:ae:a4:3b:a2:d8	-81	10.5
1543672343241	30:ae:a4:3b:a2:d8	-81	10.5
1543672343271	30:ae:a4:3b:a2:d8	-81	10.5
1543672350115	30:ae:a4:3b:a2:d8	-80	10.5
1543672350146	30:ae:a4:3b:a2:d8	-80	10.5
1543672357178	30:ae:a4:3b:a2:d8	-86	10.5
1543672357208	30:ae:a4:3b:a2:d8	-87	10.5
1543672364130	30:ae:a4:3b:a2:d8	-81	10.5
1543672364160	30:ae:a4:3b:a2:d8	-82	10.5
1543672371124	30:ae:a4:3b:a2:d8	-81	10.5
1543672371155	30:ae:a4:3b:a2:d8	-81	10.5
1543672599971	30:ae:a4:3b:a2:d8	-83	10.5
1543672647947	30:ae:a4:3b:a2:d8	-79	10.5
1543672647977	30:ae:a4:3b:a2:d8	-79	10.5
1543672654712	30:ae:a4:3b:a2:d8	-80	10.5
1543672654742	30:ae:a4:3b:a2:d8	-80	10.5
1543672661821	30:ae:a4:3b:a2:d8	-82	10.5
1543672661851	30:ae:a4:3b:a2:d8	-82	10.5
1543672668601	30:ae:a4:3b:a2:d8	-83	10.5
1543672668632	30:ae:a4:3b:a2:d8	-83	10.5
1543672675351	30:ae:a4:3b:a2:d8	-79	10.5
1543672675381	30:ae:a4:3b:a2:d8	-80	10.5
1543672682319	30:ae:a4:3b:a2:d8	-78	10.5
1543672682349	30:ae:a4:3b:a2:d8	-79	10.5
1543672689209	30:ae:a4:3b:a2:d8	-82	10.5
1543672689240	30:ae:a4:3b:a2:d8	-83	10.5
1543672696037	30:ae:a4:3b:a2:d8	-80	10.5
1543672696067	30:ae:a4:3b:a2:d8	-81	10.5
1543672702698	30:ae:a4:3b:a2:d8	-80	10.5
1543672709344	30:ae:a4:3b:a2:d8	-79	10.5
1543672709369	30:ae:a4:3b:a2:d8	-77	10.5
1543672712400	30:ae:a4:3b:a2:d8	-77	10.5
1543672716304	30:ae:a4:3b:a2:d8	-91	10.5
1543672716326	30:ae:a4:3b:a2:d8	-85	10.5
1543672723236	30:ae:a4:3b:a2:d8	-78	10.5
1543672723262	30:ae:a4:3b:a2:d8	-79	10.5
1543672730092	30:ae:a4:3b:a2:d8	-85	10.5
1543672730117	30:ae:a4:3b:a2:d8	-85	10.5
1543672737031	30:ae:a4:3b:a2:d8	-80	10.5
1543672737055	30:ae:a4:3b:a2:d8	-79	10.5
1543672743983	30:ae:a4:3b:a2:d8	-80	10.5
1543672744008	30:ae:a4:3b:a2:d8	-78	10.5
1543672750691	30:ae:a4:3b:a2:d8	-80	10.5
1543672750715	30:ae:a4:3b:a2:d8	-79	10.5
1543672757614	30:ae:a4:3b:a2:d8	-90	10.5
1543672757640	30:ae:a4:3b:a2:d8	-86	10.5
1543672764605	30:ae:a4:3b:a2:d8	-82	10.5
1543672771652	30:ae:a4:3b:a2:d8	-80	10.5
1543672771682	30:ae:a4:3b:a2:d8	-79	10.5
1543672778734	30:ae:a4:3b:a2:d8	-78	10.5
1543672778766	30:ae:a4:3b:a2:d8	-78	10.5
1543672785628	30:ae:a4:3b:a2:d8	-78	10.5
1543672792624	30:ae:a4:3b:a2:d8	-78	10.5
1543672792659	30:ae:a4:3b:a2:d8	-79	10.5
1543672799639	30:ae:a4:3b:a2:d8	-78	10.5
1543672799671	30:ae:a4:3b:a2:d8	-78	10.5
1543672806404	30:ae:a4:3b:a2:d8	-78	10.5
1543672806434	30:ae:a4:3b:a2:d8	-78	10.5
1543672813435	30:ae:a4:3b:a2:d8	-82	10.5
1543672813465	30:ae:a4:3b:a2:d8	-83	10.5
1543672820419	30:ae:a4:3b:a2:d8	-81	10.5
1543672820449	30:ae:a4:3b:a2:d8	-81	10.5
1543672827398	30:ae:a4:3b:a2:d8	-78	10.5
1543672827428	30:ae:a4:3b:a2:d8	-77	10.5
1543672834413	30:ae:a4:3b:a2:d8	-80	10.5
1543672834443	30:ae:a4:3b:a2:d8	-77	10.5
1543672841491	30:ae:a4:3b:a2:d8	-79	10.5
1543672841522	30:ae:a4:3b:a2:d8	-79	10.5
1543672848365	30:ae:a4:3b:a2:d8	-80	10.5
1543672848395	30:ae:a4:3b:a2:d8	-80	10.5
1543672855286	30:ae:a4:3b:a2:d8	-79	10.5
1543672855316	30:ae:a4:3b:a2:d8	-78	10.5
1543672862207	30:ae:a4:3b:a2:d8	-82	10.5
1543672862237	30:ae:a4:3b:a2:d8	-82	10.5
1543672869004	30:ae:a4:3b:a2:d8	-82	10.5
1543672869034	30:ae:a4:3b:a2:d8	-82	10.5
1543672876019	30:ae:a4:3b:a2:d8	-80	10.5
1543672876049	30:ae:a4:3b:a2:d8	-80	10.5
1543672883127	30:ae:a4:3b:a2:d8	-80	10.5
1543672883158	30:ae:a4:3b:a2:d8	-79	10.5
1543672889924	30:ae:a4:3b:a2:d8	-74	10.5
1543672889954	30:ae:a4:3b:a2:d8	-79	10.5
1543672896830	30:ae:a4:3b:a2:d8	-78	10.5
1543672896860	30:ae:a4:3b:a2:d8	-79	10.5
1543672897140	30:ae:a4:3b:a2:d8	-80	10.5
1543672903735	30:ae:a4:3b:a2:d8	-79	10.5
1543672903766	30:ae:a4:3b:a2:d8	-79	10.5
1543672903979	30:ae:a4:3b:a2:d8	-79	10.5
1543672910594	30:ae:a4:3b:a2:d8	-80	10.5
1543672910625	30:ae:a4:3b:a2:d8	-80	10.5
1543672917870	30:ae:a4:3b:a2:d8	-82	10.5
1543672918070	30:ae:a4:3b:a2:d8	-81	10.5
1543672924932	30:ae:a4:3b:a2:d8	-81	10.5
1543672924962	30:ae:a4:3b:a2:d8	-82	10.5
1543672925234	30:ae:a4:3b:a2:d8	-81	10.5
1543672931963	30:ae:a4:3b:a2:d8	-81	10.5
1543672931993	30:ae:a4:3b:a2:d8	-82	10.5
1543672932135	30:ae:a4:3b:a2:d8	-81	10.5
1543672938724	30:ae:a4:3b:a2:d8	-81	10.5
1543672938754	30:ae:a4:3b:a2:d8	-81	10.5
1543672945645	30:ae:a4:3b:a2:d8	-81	10.5
1543672945675	30:ae:a4:3b:a2:d8	-82	10.5
1543672946048	30:ae:a4:3b:a2:d8	-83	10.5
1543672952753	30:ae:a4:3b:a2:d8	-85	10.5
1543672953047	30:ae:a4:3b:a2:d8	-84	10.5
1543672959613	30:ae:a4:3b:a2:d8	-81	10.5
1543672959643	30:ae:a4:3b:a2:d8	-81	10.5
1543672966581	30:ae:a4:3b:a2:d8	-81	10.5
1543672966611	30:ae:a4:3b:a2:d8	-81	10.5
1543672973663	30:ae:a4:3b:a2:d8	-82	10.5
1543672973693	30:ae:a4:3b:a2:d8	-82	10.5
1543672980709	30:ae:a4:3b:a2:d8	-81	10.5
1543672980740	30:ae:a4:3b:a2:d8	-81	10.5
1543672987496	30:ae:a4:3b:a2:d8	-79	10.5
1543672987526	30:ae:a4:3b:a2:d8	-79	10.5
1543672995026	30:ae:a4:3b:a2:d8	-80	10.5
1543672995057	30:ae:a4:3b:a2:d8	-79	10.5
1543673001948	30:ae:a4:3b:a2:d8	-82	10.5
1543673009025	30:ae:a4:3b:a2:d8	-84	10.5
1543673009056	30:ae:a4:3b:a2:d8	-86	10.5
1543673015837	30:ae:a4:3b:a2:d8	-79	10.5
1543673015868	30:ae:a4:3b:a2:d8	-79	10.5
1543673022290	30:ae:a4:3b:a2:d8	-78	10.5
1543673022320	30:ae:a4:3b:a2:d8	-80	10.5
1543673028993	30:ae:a4:3b:a2:d8	-94	10.5
1543673029023	30:ae:a4:3b:a2:d8	-94	10.5
1543673035930	30:ae:a4:3b:a2:d8	-81	10.5
1543673035960	30:ae:a4:3b:a2:d8	-81	10.5
1543673042851	30:ae:a4:3b:a2:d8	-82	10.5
1543673049679	30:ae:a4:3b:a2:d8	-81	10.5
1543673049709	30:ae:a4:3b:a2:d8	-80	10.5
1543673056574	30:ae:a4:3b:a2:d8	-91	10.5
1543673063433	30:ae:a4:3b:a2:d8	-84	10.5
1543673076200	30:ae:a4:3b:a2:d8	-82	10.5
1543673076229	30:ae:a4:3b:a2:d8	-81	10.5
1543673077105	30:ae:a4:3b:a2:d8	-82	10.5
1543673084177	30:ae:a4:3b:a2:d8	-81	10.5
1543673084207	30:ae:a4:3b:a2:d8	-79	10.5
1543673091083	30:ae:a4:3b:a2:d8	-77	10.5
1543673091113	30:ae:a4:3b:a2:d8	-78	10.5
1543673098192	30:ae:a4:3b:a2:d8	-86	10.5
1543673098223	30:ae:a4:3b:a2:d8	-87	10.5
1543673105207	30:ae:a4:3b:a2:d8	-89	10.5
1543673105237	30:ae:a4:3b:a2:d8	-89	10.5
1543673112145	30:ae:a4:3b:a2:d8	-82	10.5
1543673112174	30:ae:a4:3b:a2:d8	-81	10.5
1543673118956	30:ae:a4:3b:a2:d8	-84	10.5
1543673118986	30:ae:a4:3b:a2:d8	-85	10.5
1543673125737	30:ae:a4:3b:a2:d8	-88	10.5
1543673125768	30:ae:a4:3b:a2:d8	-88	10.5
1543673132642	30:ae:a4:3b:a2:d8	-81	10.5
1543673132673	30:ae:a4:3b:a2:d8	-82	10.5
1543673139720	30:ae:a4:3b:a2:d8	-80	10.5
1543673139750	30:ae:a4:3b:a2:d8	-80	10.5
1543673153845	30:ae:a4:3b:a2:d8	-85	10.5
1543673153875	30:ae:a4:3b:a2:d8	-86	10.5
1543673167882	30:ae:a4:3b:a2:d8	-85	10.5
1543673167912	30:ae:a4:3b:a2:d8	-85	10.5
1543673174772	30:ae:a4:3b:a2:d8	-83	10.5
1543673181795	30:ae:a4:3b:a2:d8	-82	10.5
1543673181811	30:ae:a4:3b:a2:d8	-81	10.5
1543673188542	30:ae:a4:3b:a2:d8	-82	10.5
1543673188572	30:ae:a4:3b:a2:d8	-81	10.5
1543673195479	30:ae:a4:3b:a2:d8	-84	10.5
1543673243804	30:ae:a4:3b:a2:d8	-83	10.5
1543673243866	30:ae:a4:3b:a2:d8	-85	10.5
1543673243897	30:ae:a4:3b:a2:d8	-84	10.5
1543673271738	30:ae:a4:3b:a2:d8	-87	10.5
1543673278737	30:ae:a4:3b:a2:d8	-86	10.5
1543673278771	30:ae:a4:3b:a2:d8	-87	10.5
1543673333879	30:ae:a4:3b:a2:d8	-88	10.5
1543673333909	30:ae:a4:3b:a2:d8	-88	10.5
1543673340893	30:ae:a4:3b:a2:d8	-90	10.5
1543673347628	30:ae:a4:3b:a2:d8	-88	10.5
1543673347658	30:ae:a4:3b:a2:d8	-89	10.5
1543673354674	30:ae:a4:3b:a2:d8	-92	10.5
1543673361580	30:ae:a4:3b:a2:d8	-91	10.5
1543673361610	30:ae:a4:3b:a2:d8	-92	10.5
1543673396574	30:ae:a4:3b:a2:d8	-86	10.5
1543673417962	30:ae:a4:3b:a2:d8	-85	10.5
1543673417993	30:ae:a4:3b:a2:d8	-85	10.5
1543673459452	30:ae:a4:3b:a2:d8	-79	10.5
1543673466328	30:ae:a4:3b:a2:d8	-81	10.5
1543673466358	30:ae:a4:3b:a2:d8	-82	10.5
1543673473108	30:ae:a4:3b:a2:d8	-78	10.5
1543673473139	30:ae:a4:3b:a2:d8	-78	10.5
1543673479811	30:ae:a4:3b:a2:d8	-81	10.5
1543673479842	30:ae:a4:3b:a2:d8	-81	10.5
1543673486670	30:ae:a4:3b:a2:d8	-84	10.5
1543673486700	30:ae:a4:3b:a2:d8	-84	10.5
1543673493534	30:ae:a4:3b:a2:d8	-82	10.5
1543673493564	30:ae:a4:3b:a2:d8	-82	10.5
1543673500705	30:ae:a4:3b:a2:d8	-82	10.5
1543673500735	30:ae:a4:3b:a2:d8	-82	10.5
1543673507470	30:ae:a4:3b:a2:d8	-82	10.5
1543673507501	30:ae:a4:3b:a2:d8	-82	10.5
1543673521246	30:ae:a4:3b:a2:d8	-80	10.5
1543673521271	30:ae:a4:3b:a2:d8	-80	10.5
1543673528159	30:ae:a4:3b:a2:d8	-80	10.5
1543673528177	30:ae:a4:3b:a2:d8	-80	10.5
1543673534937	30:ae:a4:3b:a2:d8	-79	10.5
1543673534958	30:ae:a4:3b:a2:d8	-78	10.5
1543673541884	30:ae:a4:3b:a2:d8	-81	10.5
1543673541910	30:ae:a4:3b:a2:d8	-81	10.5
1543673548603	30:ae:a4:3b:a2:d8	-81	10.5
1543673548631	30:ae:a4:3b:a2:d8	-80	10.5
1543673554740	30:ae:a4:3b:a2:d8	-80	10.5
1543673554769	30:ae:a4:3b:a2:d8	-79	10.5
1543673555478	30:ae:a4:3b:a2:d8	-80	10.5
1543673555503	30:ae:a4:3b:a2:d8	-79	10.5
1543673558490	30:ae:a4:3b:a2:d8	-82	10.5
1543673558519	30:ae:a4:3b:a2:d8	-82	10.5
1543673562386	30:ae:a4:3b:a2:d8	-81	10.5
1543673562409	30:ae:a4:3b:a2:d8	-80	10.5
1543673569364	30:ae:a4:3b:a2:d8	-78	10.5
1543673576323	30:ae:a4:3b:a2:d8	-80	10.5
1543673576348	30:ae:a4:3b:a2:d8	-79	10.5
1543673583598	30:ae:a4:3b:a2:d8	-78	10.5
1543673583628	30:ae:a4:3b:a2:d8	-78	10.5
1543673590394	30:ae:a4:3b:a2:d8	-76	10.5
1543673590425	30:ae:a4:3b:a2:d8	-77	10.5
1543673597315	30:ae:a4:3b:a2:d8	-75	10.5
1543673604143	30:ae:a4:3b:a2:d8	-76	10.5
1543673604175	30:ae:a4:3b:a2:d8	-76	10.5
1543673611268	30:ae:a4:3b:a2:d8	-77	10.5
1543673611298	30:ae:a4:3b:a2:d8	-76	10.5
1543673618033	30:ae:a4:3b:a2:d8	-77	10.5
1543673618063	30:ae:a4:3b:a2:d8	-76	10.5
1543673624939	30:ae:a4:3b:a2:d8	-76	10.5
1543673624969	30:ae:a4:3b:a2:d8	-75	10.5
1543673645984	30:ae:a4:3b:a2:d8	-81	10.5
1543673646014	30:ae:a4:3b:a2:d8	-81	10.5
1543673652812	30:ae:a4:3b:a2:d8	-82	10.5
1543673652842	30:ae:a4:3b:a2:d8	-78	10.5
1543673659723	30:ae:a4:3b:a2:d8	-80	10.5
1543673666911	30:ae:a4:3b:a2:d8	-81	10.5
1543673715507	30:ae:a4:3b:a2:d8	-78	10.5
1543673715759	30:ae:a4:3b:a2:d8	-81	10.5
1543673722319	30:ae:a4:3b:a2:d8	-80	10.5
1543673722349	30:ae:a4:3b:a2:d8	-80	10.5
1543673722524	30:ae:a4:3b:a2:d8	-81	10.5
1543673729162	30:ae:a4:3b:a2:d8	-83	10.5
1543673729192	30:ae:a4:3b:a2:d8	-82	10.5
1543673729393	30:ae:a4:3b:a2:d8	-83	10.5
1543673736193	30:ae:a4:3b:a2:d8	-74	10.5
1543673736223	30:ae:a4:3b:a2:d8	-73	10.5
1543673736459	30:ae:a4:3b:a2:d8	-76	10.5
1543673743145	30:ae:a4:3b:a2:d8	-79	10.5
1543673743176	30:ae:a4:3b:a2:d8	-86	10.5
1543673750160	30:ae:a4:3b:a2:d8	-78	10.5
1543673750191	30:ae:a4:3b:a2:d8	-78	10.5
1543673750480	30:ae:a4:3b:a2:d8	-77	10.5
1543673757129	30:ae:a4:3b:a2:d8	-76	10.5
1543673757159	30:ae:a4:3b:a2:d8	-75	10.5
1543673757548	30:ae:a4:3b:a2:d8	-76	10.5
1543673764113	30:ae:a4:3b:a2:d8	-79	10.5
1543673764313	30:ae:a4:3b:a2:d8	-81	10.5
1543673777705	30:ae:a4:3b:a2:d8	-80	10.5
1543673777736	30:ae:a4:3b:a2:d8	-81	10.5
1543673784564	30:ae:a4:3b:a2:d8	-81	10.5
1543673784646	30:ae:a4:3b:a2:d8	-82	10.5
1543673791532	30:ae:a4:3b:a2:d8	-79	10.5
1543673791563	30:ae:a4:3b:a2:d8	-79	10.5
1543673798474	30:ae:a4:3b:a2:d8	-80	10.5
1543673805209	30:ae:a4:3b:a2:d8	-75	10.5
1543673805240	30:ae:a4:3b:a2:d8	-76	10.5
1543673812162	30:ae:a4:3b:a2:d8	-76	10.5
1543673812192	30:ae:a4:3b:a2:d8	-77	10.5
1543673819130	30:ae:a4:3b:a2:d8	-74	10.5
1543673819160	30:ae:a4:3b:a2:d8	-75	10.5
1543673839098	30:ae:a4:3b:a2:d8	-75	10.5
1543673839127	30:ae:a4:3b:a2:d8	-80	10.5
1543673845925	30:ae:a4:3b:a2:d8	-77	10.5
1543673845957	30:ae:a4:3b:a2:d8	-77	10.5
1543673853112	30:ae:a4:3b:a2:d8	-81	10.5
1543673853146	30:ae:a4:3b:a2:d8	-83	10.5
1543673859144	30:ae:a4:3b:a2:d8	-77	10.5
1543673860174	30:ae:a4:3b:a2:d8	-76	10.5
1543673860204	30:ae:a4:3b:a2:d8	-76	10.5
1543673867126	30:ae:a4:3b:a2:d8	-76	10.5
1543673867157	30:ae:a4:3b:a2:d8	-75	10.5
1543673874142	30:ae:a4:3b:a2:d8	-76	10.5
1543673874172	30:ae:a4:3b:a2:d8	-76	10.5
1543673902171	30:ae:a4:3b:a2:d8	-79	10.5
1543673902201	30:ae:a4:3b:a2:d8	-79	10.5
1543673909061	30:ae:a4:3b:a2:d8	-81	10.5
1543673909091	30:ae:a4:3b:a2:d8	-82	10.5
1543673915891	30:ae:a4:3b:a2:d8	-78	10.5
1543673915919	30:ae:a4:3b:a2:d8	-79	10.5
1543673922794	30:ae:a4:3b:a2:d8	-81	10.5
1543673922825	30:ae:a4:3b:a2:d8	-81	10.5
1543673929841	30:ae:a4:3b:a2:d8	-79	10.5
1543673929871	30:ae:a4:3b:a2:d8	-78	10.5
1543673936762	30:ae:a4:3b:a2:d8	-80	10.5
1543673936792	30:ae:a4:3b:a2:d8	-80	10.5
1543673943590	30:ae:a4:3b:a2:d8	-76	10.5
1543673943620	30:ae:a4:3b:a2:d8	-76	10.5
1543673950730	30:ae:a4:3b:a2:d8	-81	10.5
1543673950760	30:ae:a4:3b:a2:d8	-81	10.5
1543673965036	30:ae:a4:3b:a2:d8	-90	10.5
1543673965066	30:ae:a4:3b:a2:d8	-88	10.5
1543673972051	30:ae:a4:3b:a2:d8	-83	10.5
1543673978885	30:ae:a4:3b:a2:d8	-82	10.5
1543673978915	30:ae:a4:3b:a2:d8	-83	10.5
1543673985743	30:ae:a4:3b:a2:d8	-81	10.5
1543673985774	30:ae:a4:3b:a2:d8	-82	10.5
1543673992571	30:ae:a4:3b:a2:d8	-78	10.5
1543673992601	30:ae:a4:3b:a2:d8	-78	10.5
1543674006237	30:ae:a4:3b:a2:d8	-81	10.5
1543674033615	30:ae:a4:3b:a2:d8	-88	10.5
1543674033645	30:ae:a4:3b:a2:d8	-88	10.5
1543674060889	30:ae:a4:3b:a2:d8	-87	10.5
1543674060919	30:ae:a4:3b:a2:d8	-87	10.5
1543674067966	30:ae:a4:3b:a2:d8	-81	10.5
1543674081637	30:ae:a4:3b:a2:d8	-85	10.5
1543674081668	30:ae:a4:3b:a2:d8	-88	10.5
1543674102547	30:ae:a4:3b:a2:d8	-85	10.5
1543674102577	30:ae:a4:3b:a2:d8	-86	10.5
1543674116421	30:ae:a4:3b:a2:d8	-84	10.5
1543674153912	30:ae:a4:3b:a2:d8	-85	10.5
1543674157287	30:ae:a4:3b:a2:d8	-92	10.5
1543674157318	30:ae:a4:3b:a2:d8	-89	10.5
1543674164084	30:ae:a4:3b:a2:d8	-88	10.5
1543674164114	30:ae:a4:3b:a2:d8	-89	10.5
1543674171187	30:ae:a4:3b:a2:d8	-83	10.5
1543674171218	30:ae:a4:3b:a2:d8	-84	10.5
1543674178015	30:ae:a4:3b:a2:d8	-92	10.5
1543674178047	30:ae:a4:3b:a2:d8	-93	10.5
1543674184923	30:ae:a4:3b:a2:d8	-86	10.5
1543674184954	30:ae:a4:3b:a2:d8	-87	10.5
1543674191858	30:ae:a4:3b:a2:d8	-94	10.5
1543674191888	30:ae:a4:3b:a2:d8	-89	10.5
1543674198905	30:ae:a4:3b:a2:d8	-94	10.5
1543674205989	30:ae:a4:3b:a2:d8	-91	10.5
1543674247795	30:ae:a4:3b:a2:d8	-80	10.5
1543674247825	30:ae:a4:3b:a2:d8	-80	10.5
1543674282213	30:ae:a4:3b:a2:d8	-82	10.5
1543674289217	30:ae:a4:3b:a2:d8	-91	10.5
1543674296732	30:ae:a4:3b:a2:d8	-82	10.5
1543674296764	30:ae:a4:3b:a2:d8	-82	10.5
1543674303888	30:ae:a4:3b:a2:d8	-84	10.5
1543674303918	30:ae:a4:3b:a2:d8	-84	10.5
1543674310747	30:ae:a4:3b:a2:d8	-81	10.5
1543674317559	30:ae:a4:3b:a2:d8	-83	10.5
1543674317589	30:ae:a4:3b:a2:d8	-86	10.5
1543674344952	30:ae:a4:3b:a2:d8	-81	10.5
1543674344977	30:ae:a4:3b:a2:d8	-79	10.5
1543674351857	30:ae:a4:3b:a2:d8	-80	10.5
1543674351883	30:ae:a4:3b:a2:d8	-80	10.5
1543674358919	30:ae:a4:3b:a2:d8	-80	10.5
1543674358940	30:ae:a4:3b:a2:d8	-81	10.5
1543674365677	30:ae:a4:3b:a2:d8	-87	10.5
1543674372521	30:ae:a4:3b:a2:d8	-77	10.5
1543674372544	30:ae:a4:3b:a2:d8	-76	10.5
1543674379238	30:ae:a4:3b:a2:d8	-82	10.5
1543674386227	30:ae:a4:3b:a2:d8	-81	10.5
1543674386246	30:ae:a4:3b:a2:d8	-80	10.5
1543674393174	30:ae:a4:3b:a2:d8	-80	10.5
1543674393198	30:ae:a4:3b:a2:d8	-80	10.5
1543674399891	30:ae:a4:3b:a2:d8	-80	10.5
1543675810030	30:ae:a4:3b:a2:d8	-48	0.5
1543675810067	30:ae:a4:3b:a2:d8	-48	0.5
1543675816917	30:ae:a4:3b:a2:d8	-46	0.5
1543675816942	30:ae:a4:3b:a2:d8	-47	0.5
1543675823808	30:ae:a4:3b:a2:d8	-47	0.5
1543675823833	30:ae:a4:3b:a2:d8	-47	0.5
1543675830594	30:ae:a4:3b:a2:d8	-49	0.5
1543675830618	30:ae:a4:3b:a2:d8	-48	0.5
1543675837555	30:ae:a4:3b:a2:d8	-49	0.5
1543675837579	30:ae:a4:3b:a2:d8	-48	0.5
1543675844461	30:ae:a4:3b:a2:d8	-48	0.5
1543675844484	30:ae:a4:3b:a2:d8	-48	0.5
1543675851335	30:ae:a4:3b:a2:d8	-48	0.5
1543675851361	30:ae:a4:3b:a2:d8	-48	0.5
1543675856675	30:ae:a4:3b:a2:d8	-47	0.5
1543675856702	30:ae:a4:3b:a2:d8	-47	0.5
1543675858290	30:ae:a4:3b:a2:d8	-48	0.5
1543675858311	30:ae:a4:3b:a2:d8	-49	0.5
1543675861548	30:ae:a4:3b:a2:d8	-48	0.5
1543675861576	30:ae:a4:3b:a2:d8	-47	0.5
1543675865034	30:ae:a4:3b:a2:d8	-48	0.5
1543675865060	30:ae:a4:3b:a2:d8	-47	0.5
1543675872210	30:ae:a4:3b:a2:d8	-46	0.5
1543675872240	30:ae:a4:3b:a2:d8	-47	0.5
1543675879100	30:ae:a4:3b:a2:d8	-46	0.5
1543675879130	30:ae:a4:3b:a2:d8	-48	0.5
1543675883539	30:ae:a4:3b:a2:d8	-47	0.5
1543675883568	30:ae:a4:3b:a2:d8	-47	0.5
1543675885850	30:ae:a4:3b:a2:d8	-47	0.5
1543675885880	30:ae:a4:3b:a2:d8	-47	0.5
1543675890991	30:ae:a4:3b:a2:d8	-47	0.5
1543675891020	30:ae:a4:3b:a2:d8	-48	0.5
1543675892693	30:ae:a4:3b:a2:d8	-47	0.5
1543675892723	30:ae:a4:3b:a2:d8	-47	0.5
1543675899302	30:ae:a4:3b:a2:d8	-47	0.5
1543675899332	30:ae:a4:3b:a2:d8	-47	0.5
1543675906192	30:ae:a4:3b:a2:d8	-47	0.5
1543675906222	30:ae:a4:3b:a2:d8	-47	0.5
1543675913157	30:ae:a4:3b:a2:d8	-47	0.5
1543675913187	30:ae:a4:3b:a2:d8	-48	0.5
1543675918845	30:ae:a4:3b:a2:d8	-46	0.5
1543675918874	30:ae:a4:3b:a2:d8	-47	0.5
1543675920250	30:ae:a4:3b:a2:d8	-46	0.5
1543675920280	30:ae:a4:3b:a2:d8	-45	0.5
1543675927046	30:ae:a4:3b:a2:d8	-45	0.5
1543675927077	30:ae:a4:3b:a2:d8	-46	0.5
1543675932313	30:ae:a4:3b:a2:d8	-47	0.5
1543675932342	30:ae:a4:3b:a2:d8	-47	0.5
1543675933937	30:ae:a4:3b:a2:d8	-47	0.5
1543675933967	30:ae:a4:3b:a2:d8	-47	0.5
1543675938610	30:ae:a4:3b:a2:d8	-47	0.5
1543675938639	30:ae:a4:3b:a2:d8	-48	0.5
1543675940795	30:ae:a4:3b:a2:d8	-47	0.5
1543675940826	30:ae:a4:3b:a2:d8	-47	0.5
1543675946097	30:ae:a4:3b:a2:d8	-47	0.5
1543675946123	30:ae:a4:3b:a2:d8	-47	0.5
1543675947576	30:ae:a4:3b:a2:d8	-47	0.5
1543675947606	30:ae:a4:3b:a2:d8	-47	0.5
1543675954388	30:ae:a4:3b:a2:d8	-46	0.5
1543675954419	30:ae:a4:3b:a2:d8	-46	0.5
1543675961185	30:ae:a4:3b:a2:d8	-47	0.5
1543675961215	30:ae:a4:3b:a2:d8	-47	0.5
1543675966913	30:ae:a4:3b:a2:d8	-48	0.5
1543675966942	30:ae:a4:3b:a2:d8	-47	0.5
1543675968052	30:ae:a4:3b:a2:d8	-48	0.5
1543675968082	30:ae:a4:3b:a2:d8	-47	0.5
1543675974927	30:ae:a4:3b:a2:d8	-48	0.5
1543675974958	30:ae:a4:3b:a2:d8	-47	0.5
1543675981634	30:ae:a4:3b:a2:d8	-48	0.5
1543675981665	30:ae:a4:3b:a2:d8	-49	0.5
1543675986464	30:ae:a4:3b:a2:d8	-47	0.5
1543675986493	30:ae:a4:3b:a2:d8	-47	0.5
1543675988556	30:ae:a4:3b:a2:d8	-48	0.5
1543675988586	30:ae:a4:3b:a2:d8	-48	0.5
1543675995461	30:ae:a4:3b:a2:d8	-49	0.5
1543675995492	30:ae:a4:3b:a2:d8	-49	0.5
1543675995699	30:ae:a4:3b:a2:d8	-50	0.5
1543676002367	30:ae:a4:3b:a2:d8	-50	0.5
1543676002397	30:ae:a4:3b:a2:d8	-50	0.5
1543676002555	30:ae:a4:3b:a2:d8	-50	0.5
1543676009070	30:ae:a4:3b:a2:d8	-50	0.5
1543676009100	30:ae:a4:3b:a2:d8	-50	0.5
1543676009256	30:ae:a4:3b:a2:d8	-51	0.5
1543676015835	30:ae:a4:3b:a2:d8	-50	0.5
1543676015865	30:ae:a4:3b:a2:d8	-50	0.5
1543676016146	30:ae:a4:3b:a2:d8	-51	0.5
1543676021694	30:ae:a4:3b:a2:d8	-49	0.5
1543676021724	30:ae:a4:3b:a2:d8	-50	0.5
1543676022944	30:ae:a4:3b:a2:d8	-49	0.5
1543676022974	30:ae:a4:3b:a2:d8	-49	0.5
1543676023237	30:ae:a4:3b:a2:d8	-50	0.5
1543676029866	30:ae:a4:3b:a2:d8	-49	0.5
1543676029896	30:ae:a4:3b:a2:d8	-49	0.5
1543676030137	30:ae:a4:3b:a2:d8	-50	0.5
1543676036709	30:ae:a4:3b:a2:d8	-49	0.5
1543676036739	30:ae:a4:3b:a2:d8	-49	0.5
1543676036989	30:ae:a4:3b:a2:d8	-50	0.5
1543676043537	30:ae:a4:3b:a2:d8	-49	0.5
1543676043567	30:ae:a4:3b:a2:d8	-49	0.5
1543676043771	30:ae:a4:3b:a2:d8	-49	0.5
1543676043777	30:ae:a4:3b:a2:d8	-49	0.5
1543676050380	30:ae:a4:3b:a2:d8	-49	0.5
1543676050411	30:ae:a4:3b:a2:d8	-49	0.5
1543676050682	30:ae:a4:3b:a2:d8	-49	0.5
1543742500761	30:ae:a4:3b:a2:d8	-48	0.5
1543742500781	30:ae:a4:3b:a2:d8	-48	0.5
1543742506537	30:ae:a4:3b:a2:d8	-48	0.5
1543742512291	30:ae:a4:3b:a2:d8	-48	0.5
1543742518030	30:ae:a4:3b:a2:d8	-48	0.5
1543742523793	30:ae:a4:3b:a2:d8	-48	0.5
1543742529584	30:ae:a4:3b:a2:d8	-49	0.5
1543742535312	30:ae:a4:3b:a2:d8	-47	0.5
1543742535333	30:ae:a4:3b:a2:d8	-47	0.5
1543742541071	30:ae:a4:3b:a2:d8	-48	0.5
1543742546829	30:ae:a4:3b:a2:d8	-48	0.5
1543742685201	30:ae:a4:3b:a2:d8	-50	0.5
1543742690957	30:ae:a4:3b:a2:d8	-50	0.5
1543742696709	30:ae:a4:3b:a2:d8	-49	0.5
1543742702472	30:ae:a4:3b:a2:d8	-50	0.5
1543742708191	30:ae:a4:3b:a2:d8	-50	0.5
1543742713955	30:ae:a4:3b:a2:d8	-49	0.5
1543742719697	30:ae:a4:3b:a2:d8	-49	0.5
1543742725453	30:ae:a4:3b:a2:d8	-50	0.5
1543742731206	30:ae:a4:3b:a2:d8	-50	0.5
1543742736973	30:ae:a4:3b:a2:d8	-50	0.5
1543742742751	30:ae:a4:3b:a2:d8	-50	0.5
1543743444142	30:ae:a4:3b:a2:d8	-34	0.1
1543743449915	30:ae:a4:3b:a2:d8	-34	0.1
1543743449935	30:ae:a4:3b:a2:d8	-34	0.1
1543743455674	30:ae:a4:3b:a2:d8	-34	0.1
1543743461416	30:ae:a4:3b:a2:d8	-33	0.1
1543743467173	30:ae:a4:3b:a2:d8	-33	0.1
1543743472918	30:ae:a4:3b:a2:d8	-34	0.1
1543743478655	30:ae:a4:3b:a2:d8	-33	0.1
1543743484426	30:ae:a4:3b:a2:d8	-33	0.1
1543743490168	30:ae:a4:3b:a2:d8	-33	0.1
1543743495933	30:ae:a4:3b:a2:d8	-34	0.1
1543743495953	30:ae:a4:3b:a2:d8	-33	0.1
1543743501664	30:ae:a4:3b:a2:d8	-33	0.1
1543743662609	30:ae:a4:3b:a2:d8	-34	0.1
1543743668377	30:ae:a4:3b:a2:d8	-34	0.1
1543743674132	30:ae:a4:3b:a2:d8	-35	0.1
1543743679888	30:ae:a4:3b:a2:d8	-34	0.1
1543743685598	30:ae:a4:3b:a2:d8	-34	0.1
1543743691314	30:ae:a4:3b:a2:d8	-35	0.1
1543743697056	30:ae:a4:3b:a2:d8	-35	0.1
1543743702777	30:ae:a4:3b:a2:d8	-36	0.1
1543743708508	30:ae:a4:3b:a2:d8	-36	0.1
1543743714254	30:ae:a4:3b:a2:d8	-36	0.1
1543744064742	30:ae:a4:3b:a2:d8	-35	0.2
1543744070476	30:ae:a4:3b:a2:d8	-35	0.2
1543744076247	30:ae:a4:3b:a2:d8	-35	0.2
1543744081965	30:ae:a4:3b:a2:d8	-35	0.2
1543744087714	30:ae:a4:3b:a2:d8	-35	0.2
1543744087734	30:ae:a4:3b:a2:d8	-35	0.2
1543744093452	30:ae:a4:3b:a2:d8	-35	0.2
1543744099167	30:ae:a4:3b:a2:d8	-35	0.2
1543744104912	30:ae:a4:3b:a2:d8	-35	0.2
1543744110698	30:ae:a4:3b:a2:d8	-35	0.2
1543744116446	30:ae:a4:3b:a2:d8	-35	0.2
1543744122169	30:ae:a4:3b:a2:d8	-35	0.2
1543744254302	30:ae:a4:3b:a2:d8	-36	0.2
1543744260051	30:ae:a4:3b:a2:d8	-36	0.2
1543744265781	30:ae:a4:3b:a2:d8	-36	0.2
1543744271508	30:ae:a4:3b:a2:d8	-36	0.2
1543744277240	30:ae:a4:3b:a2:d8	-36	0.2
1543744283014	30:ae:a4:3b:a2:d8	-36	0.2
1543744288802	30:ae:a4:3b:a2:d8	-36	0.2
1543744294499	30:ae:a4:3b:a2:d8	-36	0.2
1543744300241	30:ae:a4:3b:a2:d8	-36	0.2
1543744305986	30:ae:a4:3b:a2:d8	-36	0.2
1543744311722	30:ae:a4:3b:a2:d8	-36	0.2
1543744466906	30:ae:a4:3b:a2:d8	-54	1.4
1543744466921	30:ae:a4:3b:a2:d8	-54	1.4
1543744472590	30:ae:a4:3b:a2:d8	-54	1.4
1543744478379	30:ae:a4:3b:a2:d8	-54	1.4
1543744484120	30:ae:a4:3b:a2:d8	-54	1.4
1543744489865	30:ae:a4:3b:a2:d8	-55	1.4
1543744495611	30:ae:a4:3b:a2:d8	-54	1.4
1543744501358	30:ae:a4:3b:a2:d8	-54	1.4
1543744507101	30:ae:a4:3b:a2:d8	-55	1.4
1543744512899	30:ae:a4:3b:a2:d8	-56	1.4
1543744518714	30:ae:a4:3b:a2:d8	-55	1.4
1543744524461	30:ae:a4:3b:a2:d8	-54	1.4
1543744656578	30:ae:a4:3b:a2:d8	-52	1.4
1543744662318	30:ae:a4:3b:a2:d8	-53	1.4
1543744668096	30:ae:a4:3b:a2:d8	-53	1.4
1543744673835	30:ae:a4:3b:a2:d8	-53	1.4
1543744679573	30:ae:a4:3b:a2:d8	-53	1.4
1543744685305	30:ae:a4:3b:a2:d8	-53	1.4
1543744685311	30:ae:a4:3b:a2:d8	-52	1.4
1543744685327	30:ae:a4:3b:a2:d8	-53	1.4
1543744685343	30:ae:a4:3b:a2:d8	-53	1.4
1543744691046	30:ae:a4:3b:a2:d8	-52	1.4
1543744691052	30:ae:a4:3b:a2:d8	-52	1.4
1543744696787	30:ae:a4:3b:a2:d8	-53	1.4
1543744702519	30:ae:a4:3b:a2:d8	-53	1.4
1543744708258	30:ae:a4:3b:a2:d8	-53	1.4
1543744714021	30:ae:a4:3b:a2:d8	-53	1.4
1543744714027	30:ae:a4:3b:a2:d8	-53	1.4
